525fea18-db1c-451d-9902-469ad4718e13	757	875	318	388	627	231	325	624	601	272	[]
525ff28d-2d28-4cf2-a4d8-468bd4718e13	841	228	410	836	110	148	226	775	392	840	[]
5260234c-9878-4d49-9d26-46b2d4718e13	38	424	284	713	545	73	11	154	52	31	[]
5260f967-7d74-4f6e-9deb-4b7fd4718e13	203	274	219	302	20	424	713	284	24	52	[]
526131a8-dbc8-401b-989a-44afd4718e13	424	713	284	545	154	52	525	73	31	27	[]
526132a9-4280-4cc4-a2d8-42acd4718e13	826	218	200	819	223	201	312	207	370	71	[]
526640ab-ebd8-4593-9749-4002d4718e13	58	205	371	627	419	325	629	308	129	634	[]
52698ff9-0470-47c7-b027-d9c9d4718e13	412	49	374	436	568	506	584	527	592	828	[]
5283a1d7-dae0-4d34-b38f-493cd4718e13	204	506	212	640	2	3	4	5	6	7	[]
5283aeaa-d9e4-46ec-a318-3a1ed4718e13	550	719	630	4	148	586	58	664	886	528	[]
5285d0df-8e34-4eed-8e5f-4ecdd4718e13	2	3	4	5	6	7	8	9	17	18	[]
52860e54-2358-4862-a854-47b5d4718e13	676	451	464	472	826	47	621	469	761	315	[]
528de178-be0c-4af4-9324-4fc8d4718e13	114	790	337	98	829	634	383	442	767	691	[]
528f575a-c6a8-4fdb-9bd7-4662d4718e13	208	250	123	178	308	554	540	73	68	24	[]
5294828a-9ac8-4f9e-8f75-4b14d4718e13	442	82	749	320	827	338	165	138	166	495	[]
529492c1-d5c8-48d0-b411-4410d4718e13	442	539	338	166	263	117	757	114	110	165	[]
52949cdf-6860-496a-83e1-4e3bd4718e13	41	580	497	159	60	238	100	544	268	150	[]
5294de89-09e8-482f-899e-4cfcd4718e13	701	82	121	177	17	31	68	76	204	44	[]
5295c09f-6f3c-479f-9407-46b8d4718e13	442	82	749	320	827	338	165	138	166	495	[]
5296fe22-a518-48c8-96bd-42e0d4718e13	773	132	720	361	688	570	694	740	106	9	[]
5298c2bc-7e58-4bef-9644-4607d4718e13	35	286	634	866	138	167	621	726	30	82	[]
5298c7b1-1aa4-4fe3-b8d6-412bd4718e13	425	345	143	427	703	447	629	646	506	619	[]
5298c8f2-2970-4d88-bc92-41e6d4718e13	99	697	74	159	186	537	719	888	82	485	[]
529b4474-3e0c-4090-8606-4519d4718e13	324	536	121	110	426	402	619	343	210	162	[]
529c3b23-0828-4903-9f75-4950d4718e13	156	739	750	480	161	174	138	322	681	544	[]
529c4713-0df0-4723-bb42-410cd4718e13	739	750	480	681	38	105	322	243	161	138	[]
529c56ba-5694-4862-8123-402ed4718e13	117	263	539	245	533	757	467	552	442	579	[]
529c5ee3-915c-479f-a7cf-427bd4718e13	114	750	739	480	681	105	38	322	161	138	[]
529dd13e-a880-4ef0-bf1a-4d84d4718e13	51	104	313	103	676	679	766	693	263	761	[]
52a0b0e9-0284-488a-a2be-4c43d4718e13	121	20	266	155	40	866	479	76	204	38	[]
52a1a6d3-39d0-457b-aeaf-416ed4718e13	5	573	23	458	263	623	437	435	822	580	[]
52a1c6e3-3fb4-4b34-9530-4c9bd4718e13	159	632	110	423	162	462	823	544	631	470	[]
52a1e381-8f04-422e-85f1-400ed4718e13	87	115	176	667	489	709	507	349	336	801	[]
52a2ba39-953c-4ca7-a2ae-4c9ed4718e13	268	493	122	199	110	621	470	266	105	751	[]
52a5b282-fbdc-42de-ae5f-4124d4718e13	208	250	554	308	178	509	643	540	831	334	[]
52a5e465-2b54-4275-a11a-407bd4718e13	344	590	123	141	54	276	137	308	639	328	[]
52a6e2f2-c948-4be4-915f-447ed4718e13	42	208	54	250	554	831	178	540	308	334	[]
52a6fff7-b4fc-4a73-90c2-4d71d4718e13	186	75	707	74	233	234	722	852	316	509	[]
52a7021a-5dac-4c41-add0-4db7d4718e13	29	48	739	174	37	156	544	827	823	116	[]
52a71c04-4818-4ac6-9d91-4c14d4718e13	739	48	174	37	156	116	827	165	544	823	[]
52a73f7b-fca4-43fd-9383-44ced4718e13	29	339	172	103	552	693	445	580	869	880	[]
52a74a17-f26c-4c98-be5c-4f8bd4718e13	61	100	867	423	192	497	435	619	481	317	[]
52a81864-567c-4110-9c59-476ed4718e13	17	701	121	787	624	248	204	622	620	619	[]
52a835a7-f018-4618-aab8-4f04d4718e13	94	229	410	82	392	44	255	381	235	283	[]
52a84234-8c00-440b-9630-44fed4718e13	739	48	174	37	156	116	827	165	544	823	[]
52a8939e-ea3c-4a82-9f9a-4b0fd4718e13	36	118	418	247	599	846	637	834	837	211	[]
52a9d586-d7a0-43f0-a3e9-4d64d4718e13	263	159	579	238	631	434	477	283	48	338	[]
52ab0a8b-5498-41a5-9bae-2b33d4718e13	44	184	840	87	301	310	258	701	488	810	[]
52aee82a-0470-46f7-b140-4c4ed4718e13	607	87	11	137	218	776	190	357	191	422	[]
52aeecb9-a2cc-4acd-a207-4f78d4718e13	181	614	658	743	132	175	504	662	262	529	[]
52b04720-5cf4-4b40-9ad3-48aed4718e13	263	63	442	122	464	544	823	116	161	165	[]
52b3fe26-61e8-4d11-93e0-4035d4718e13	7	248	574	56	137	807	850	738	152	53	[]
52c2e6ff-dc40-4d75-9875-429ed4718e13	283	338	477	234	229	723	48	392	116	442	[]
52c59f63-d684-4983-adeb-4273d4718e13	544	208	554	250	823	868	178	60	540	308	[]
52ceb7e4-f064-4ab6-b8c0-430dd4718e13	364	242	378	694	558	244	702	136	432	575	[]
52d01965-f260-41e3-aa9b-40cdd4718e13	58	59	266	628	62	458	100	581	544	823	[]
52d95981-254c-4108-9038-493ed4718e13	2	3	4	5	6	7	8	9	17	18	[]
52de8c01-714c-4e67-8eab-4721d4718e13	133	44	2	3	4	5	6	7	8	9	[]
52e0efc5-676c-4f57-9f45-4377d4718e13	486	519	592	574	873	55	807	403	595	606	[]
52e21c7f-6c58-40aa-bf06-9317d4718e13	789	527	331	137	17	328	269	551	368	858	[]
52e28dc9-3df0-4c68-8c0e-4acbd4718e13	267	583	864	111	625	403	113	834	173	67	[]
52e2984e-76e0-457d-95bc-4bb5d4718e13	739	750	480	116	138	322	681	50	161	203	[]
52e7940d-2478-4ad2-abd2-4a8dd4718e13	557	361	132	614	135	193	244	773	118	359	[]
52e799c4-cccc-44cd-9b41-40cad4718e13	2	3	4	5	6	7	8	9	17	18	[]
52f0cd02-1588-409f-aa30-4928d4718e13	873	592	152	7	54	14	441	876	574	857	[]
52f0fc6f-a04c-441c-a737-4b78d4718e13	53	529	347	262	745	335	840	812	588	814	[]
52f12121-1168-4b4b-aa69-4905d4718e13	337	790	98	691	829	634	383	442	535	767	[]
52f224a9-2384-499b-a474-4303d4718e13	94	229	410	392	283	696	381	642	622	82	[]
52f4da04-f9a0-4974-b093-4701d4718e13	34	345	102	256	630	99	537	719	472	580	[]
53063262-91dc-4f83-a2b9-4d6fd4718e13	517	227	490	499	226	367	503	671	11	191	[]
530b4578-38c4-4567-b583-4b24d4718e13	22	523	805	152	747	489	146	329	702	280	[]
530f2b8c-9ee8-48c7-92d8-41a1d4718e13	441	39	187	588	449	381	2	282	68	735	[]
5314613e-7e74-4631-a2cb-4c77d4718e13	44	686	750	69	824	205	21	18	332	719	[]
5314d9d2-2ee4-49de-acef-46dfd4718e13	208	157	274	250	48	554	254	426	105	60	[]
5315a252-a50c-4157-8782-485ed4718e13	42	39	208	250	831	554	178	308	730	540	[]
531ed128-d5c4-41ed-aa36-4798d4718e13	22	667	176	115	489	507	336	709	801	349	[]
532199b9-eaa4-465b-a268-4fded4718e13	208	250	554	308	178	509	643	540	831	334	[]
5321e052-aa8c-454d-8e5d-4f9dd4718e13	40	203	479	202	373	339	238	528	47	38	[]
5326f148-ef50-4dc9-93dc-47e2d4718e13	808	705	303	413	330	213	770	771	239	132	[]
53281c05-e36c-4aec-8d9f-4537d4718e13	642	229	283	50	8	744	210	253	331	231	[]
53285415-3e34-41a0-820d-473ad4718e13	45	22	242	251	556	611	819	244	209	661	[]
532a4687-92a4-4b5b-9d92-4f05d4718e13	116	442	48	338	58	37	250	165	50	121	[]
532a8344-58a0-4b28-bd66-4946d4718e13	166	135	76	51	830	83	317	726	497	286	[]
532c48cf-ec30-42ab-aac3-45c0d4718e13	69	718	668	591	510	367	380	412	828	677	[]
5335567c-21f0-4aed-95d5-4285d4718e13	82	69	178	161	31	17	274	701	166	278	[]
53392dca-6780-495a-81f3-4cefd4718e13	461	588	83	259	449	143	644	703	629	646	[]
533d13cb-ac00-48e2-a395-4464d4718e13	55	808	330	303	413	213	770	771	239	215	[]
533d4d1b-89f0-4606-81ff-4180d4718e13	196	253	187	797	795	798	808	721	722	366	[]
533d7fb5-e560-4ac4-9000-4441d4718e13	797	795	798	808	722	721	813	772	366	799	[]
533e7d61-3370-4a63-8b9f-45a4d4718e13	87	115	795	797	798	808	721	772	813	722	[]
5342ba5f-732c-44d0-acf5-4ffed4718e13	177	139	75	186	707	233	83	234	2	722	[]
5344692a-b9c4-4048-9f92-4d42d4718e13	186	75	707	74	233	234	722	852	316	509	[]
534d4ed7-85ec-4f9d-a0cf-411dd4718e13	3	48	460	47	50	116	631	256	493	268	[]
534eb770-15c4-4ecc-a7fd-45d2d4718e13	17	50	797	795	798	722	808	721	813	772	[]
5358c8d3-21a8-4853-a7f3-46bdd4718e13	263	33	158	579	552	58	41	464	35	313	[]
5358d198-0a70-4cfc-bfd6-4947d4718e13	255	36	40	801	31	392	574	795	115	440	[]
535e2324-febc-427b-9fab-4604d4718e13	316	640	596	565	209	661	769	670	659	164	[]
536237b2-d6f0-403b-8236-4374d4718e13	730	208	98	64	618	75	157	734	57	250	[]
5367e2bf-8470-4655-9276-450fd4718e13	83	442	138	51	86	320	82	749	827	166	[]
5368b22b-b1f8-4b2d-8fda-4a32d4718e13	667	253	277	440	349	326	351	90	422	729	[]
536a0b34-5274-4a73-8deb-4162d4718e13	2	3	4	5	6	7	8	9	17	18	[]
53732a6c-f090-40a0-aa56-4594d4718e13	208	250	554	308	178	509	643	540	831	334	[]
53734070-2278-4451-ba29-4652d4718e13	186	75	707	74	233	234	722	852	316	509	[]
5385d6fb-0878-49a9-9878-4aa2d4718e13	208	50	47	76	554	250	274	60	426	456	[]
538cddeb-542c-4783-8a14-4ffad4718e13	208	250	554	308	178	509	643	540	831	334	[]
5391d42d-d77c-489c-b312-4b78d4718e13	789	17	527	331	123	137	328	269	82	368	[]
5392ac79-228c-4085-9b84-1bf0d4718e13	2	3	4	5	6	7	8	9	17	18	[]
53971beb-92fc-44bd-a148-4b18d4718e13	67	861	660	512	754	220	518	850	782	187	[]
53997d78-b34c-467f-a420-498ed4718e13	625	568	848	267	680	177	121	812	204	677	[]
53999e90-3198-4091-895d-4099d4718e13	22	711	584	2	3	4	5	6	7	8	[]
539ac01f-1edc-4548-b0f1-d073d4718e13	625	568	848	267	680	177	121	812	204	677	[]
53a0016b-fe20-4ac3-ad0a-4dabd4718e13	31	625	568	267	848	177	121	680	639	255	[]
53a02bd5-76d4-4bb9-85eb-4d54d4718e13	87	568	625	848	267	680	177	194	204	812	[]
53aac660-59c8-486d-80bc-4888d4718e13	417	231	332	179	191	864	516	218	230	177	[]
53ac22b9-a130-45b5-b2ef-452bd4718e13	58	48	159	150	268	437	100	34	41	497	[]
53b40846-72e4-4cbb-9641-4411d4718e13	190	115	112	603	13	778	56	218	191	140	[]
53b5694e-d754-4805-a056-4c8dd4718e13	2	3	4	5	6	7	8	9	17	18	[]
53baf4a2-0f2c-4945-b3e4-491ad4718e13	328	844	847	858	875	308	769	785	389	69	[]
53c66711-31a0-43ab-a45b-4be6d4718e13	514	237	561	130	427	711	66	129	613	876	[]
53c7b099-40d4-4c32-bd7f-4122d4718e13	692	544	823	58	88	304	241	122	630	52	[]
53c7cbb3-0980-40e9-afe2-418ad4718e13	60	208	76	23	250	554	274	426	178	868	[]
53d8e15b-6950-4369-8fae-6821d4718e13	78	282	307	134	834	629	343	439	728	312	[]
53e0f2b6-65f0-47d8-8f8f-4303d4718e13	159	116	100	88	544	628	195	822	48	823	[]
53e245e5-c860-4d7e-9e31-42ecd4718e13	78	71	190	603	851	161	269	819	312	538	[]
53e87d53-3e18-46c6-a7bf-499cd4718e13	116	283	338	210	75	234	477	211	48	723	[]
53eb7352-d53c-440b-b6af-47ecd4718e13	196	298	187	255	801	574	392	231	31	440	[]
53eca309-cc20-44ca-90f6-459cd4718e13	510	253	518	255	56	67	187	574	561	668	[]
53edba2e-5b6c-4d3f-befb-4a75d4718e13	516	503	255	801	187	440	115	574	392	231	[]
53f70172-8f10-4090-85e2-410fd4718e13	808	705	303	413	330	213	770	771	239	132	[]
540628a3-687c-4841-a3f6-40eed4718e13	425	629	399	129	844	78	328	368	371	344	[]
54157b70-62b4-47e6-b34f-4d0fd4718e13	89	460	456	790	383	166	105	159	521	256	[]
54184956-6318-475c-9942-4467d4718e13	197	73	36	236	255	320	388	627	204	31	[]
541c461a-047c-4be7-9a54-40fbd4718e13	87	35	846	837	361	327	835	817	572	366	[]
543264be-1040-42b9-93b0-0bdcd4718e13	2	3	4	5	6	7	8	9	17	18	[]
5433f289-aa70-46dd-8fd8-0882d4718e13	137	417	495	583	527	574	873	333	807	649	[]
543a6180-2f20-44ab-beb7-4402d4718e13	187	26	373	202	42	510	668	225	196	253	[]
543d0b47-d4a0-4e4a-962a-4985d4718e13	240	183	116	174	195	41	153	138	886	32	[]
5444f6dc-a560-4018-8f70-46fed4718e13	263	48	116	174	827	739	37	823	544	442	[]
54476e96-4d30-4f52-95f7-41fad4718e13	179	842	494	329	848	582	584	530	119	521	[]
5447b1b9-8cc0-4603-a036-4393d4718e13	345	240	497	831	59	238	385	829	546	183	[]
544e3359-a990-4df3-a441-a147d4718e13	301	189	774	275	396	227	357	387	312	747	[]
544eca98-48f0-4a70-b322-407ad4718e13	120	253	139	133	108	611	136	511	556	69	[]
54527334-f62c-495d-8982-4d27d4718e13	56	776	518	201	11	534	140	191	13	46	[]
545340b5-02c0-4124-9e06-4657d4718e13	748	136	700	694	181	242	558	786	327	610	[]
5457370f-4a9c-4144-92af-4ef6d4718e13	281	205	287	876	881	314	129	346	269	879	[]
54576eeb-5b50-47d0-9174-4dccd4718e13	776	518	534	46	336	387	561	784	11	140	[]
5457a954-4a1c-4e5b-a578-4687d4718e13	206	4	859	191	44	311	195	173	64	20	[]
5457ae12-52d4-4125-9b79-4167d4718e13	75	334	388	627	272	231	325	624	168	226	[]
5458b5d3-2728-49fe-9f8a-473bd4718e13	177	345	101	104	423	58	122	831	110	437	[]
5458b9bc-fd84-482f-972e-4c07d4718e13	316	219	28	334	530	704	388	52	735	363	[]
545962f6-b414-4009-a639-4617d4718e13	526	316	243	530	161	739	219	88	63	97	[]
545a32cc-435c-4054-8a0f-42bdd4718e13	487	112	251	813	513	625	280	848	754	191	[]
545a8ded-745c-4230-98c2-43c9d4718e13	819	439	534	728	494	312	190	603	22	215	[]
545b97ee-efb4-4f92-a831-45f1d4718e13	251	189	13	110	191	509	112	44	108	592	[]
545ccd72-7a8c-42d2-8556-4517d4718e13	43	634	167	735	286	831	206	775	337	138	[]
545e7a9b-55c0-4753-9a04-449bd4718e13	21	439	113	494	651	625	568	111	666	837	[]
5460b938-dc54-485d-aa89-411bd4718e13	212	878	815	541	279	657	19	96	342	513	[]
54621aa9-6280-4e1f-a94c-4226d4718e13	43	415	144	530	33	110	525	887	509	734	[]
5463a446-c6f4-416e-96ab-477ad4718e13	278	316	889	360	303	523	117	252	530	309	[]
5464c2d2-841c-4c5d-994e-4038d4718e13	116	480	322	174	138	522	456	681	820	35	[]
5464c464-e688-428b-ad05-4b21d4718e13	190	215	280	489	129	776	87	422	349	13	[]
5464cbf7-7bec-4893-bbbe-4274d4718e13	136	530	340	313	179	108	660	512	606	413	[]
54656b6d-d1ec-42d0-b82a-4836d4718e13	90	829	149	521	430	20	64	375	107	97	[]
54662135-9404-44ca-9eab-4249d4718e13	403	225	413	152	134	327	873	220	857	120	[]
546640e7-b22c-4dfa-8734-a0e0d4718e13	88	64	663	101	608	304	52	104	500	232	[]
5469f03d-1dfc-4833-ad51-47abd4718e13	190	280	13	776	129	87	489	482	422	112	[]
546a571f-fcf4-4976-841a-41fcd4718e13	196	253	707	187	115	365	461	782	7	340	[]
546f8602-07c4-44b0-b7d6-44dfd4718e13	116	464	528	719	630	208	821	823	544	61	[]
5472ec9f-e948-41bc-8d67-455fd4718e13	721	244	108	518	218	610	67	196	519	118	[]
547c96e2-358c-4451-89b2-4ddbd4718e13	98	96	205	77	73	333	61	41	879	624	[]
547c9e9c-b19c-40a0-a0eb-4d58d4718e13	77	116	681	48	96	496	311	165	368	823	[]
547f45e5-9aa4-4052-9a57-4edfd4718e13	77	157	389	526	577	725	531	502	769	445	[]
547f53dd-cc84-4791-9ca2-414fd4718e13	98	116	73	328	96	615	790	681	430	77	[]
54803e58-d168-41f4-b8f2-11dcd4718e13	576	340	804	461	187	603	854	871	354	357	[]
54b4f372-6b9c-4740-82a4-4b80d4718e13	667	277	349	90	351	440	253	801	326	729	[]
54c66a7a-2304-4d66-bc1f-4e1fd4718e13	503	237	516	626	499	394	504	556	611	253	[]
54c7a0b9-03bc-4151-ae6d-4e2dd4718e13	8	93	563	744	51	454	17	639	169	605	[]
54c7a203-5268-4594-811f-4d50d4718e13	2	3	4	5	6	7	8	9	17	18	[]
54c8c2c1-e328-456c-a320-480ed4718e13	2	3	4	5	6	7	8	9	17	18	[]
54ca4244-2dd8-4cd6-9ce5-4e5bd4718e13	48	174	322	138	159	456	823	480	383	165	[]
54d0b3d8-c4e8-4441-8761-4649d4718e13	862	123	48	47	76	141	30	18	162	254	[]
54d115d4-a1d4-49d5-a143-4bcdd4718e13	586	416	44	2	3	4	5	6	7	8	[]
54dcc56c-53f8-45fe-8b2d-0046ac11001f	177	142	78	179	341	425	180	191	151	329	[]
54de0fd7-bbe4-4224-8568-0045ac110022	589	349	889	181	351	535	557	871	801	344	[]
54e5c2b6-a044-4e81-89bb-003fac110028	718	591	510	668	367	380	412	828	677	413	[]
54e62c0f-18c8-4ed5-a676-0040ac110028	129	246	16	879	876	844	518	881	847	71	[]
54e7c7a9-93c4-46bd-b8a9-0040ac110028	129	518	514	427	66	237	864	356	393	876	[]
54eb054a-1a7c-492e-9ea7-0045ac110028	130	246	205	201	218	514	369	881	518	314	[]
54ecca6c-56f0-4f10-aea2-0046ac110028	314	129	246	218	881	137	205	71	281	847	[]
54ee01f3-feb4-4751-b34b-0047ac110028	494	173	534	439	519	582	39	131	267	514	[]
54eefcf9-a974-4885-8b68-0046ac110028	45	603	22	209	819	755	190	564	378	728	[]
54ef0adc-4618-488b-902f-0046ac110028	151	173	280	666	357	561	422	670	594	190	[]
54ef4806-b828-4cd6-8cc0-003bac11002b	859	173	20	122	44	592	402	195	560	21	[]
54f59741-bc64-4e9b-bd3d-003cac11002b	83	119	228	530	727	726	734	212	760	37	[]
54fb79e7-9ac8-46d4-a0ed-003cac11002b	576	439	592	534	494	518	173	12	233	565	[]
54fd65f6-418c-4782-93b6-003cac11002b	2	3	4	5	6	7	8	9	17	18	[]
54fdae6d-e2c4-4ac2-ab1e-003dac11002b	27	484	458	690	225	324	437	147	718	162	[]
5502f6ce-f0e0-43b9-b4ed-0045ac11002b	58	550	100	101	470	630	159	19	585	528	[]
55071297-648c-4e6e-ad38-0041ac11002e	140	776	534	56	518	387	336	812	367	11	[]
55073fa7-861c-44c6-9891-003cac11002e	585	675	888	550	830	736	887	64	313	225	[]
55096f17-47f4-425b-98aa-0044ac11002e	172	171	153	763	765	632	345	693	869	61	[]
550b01f2-e498-4448-8de7-0052ac11002e	143	528	19	105	752	821	368	630	61	585	[]
550b26ba-3d48-4531-a3f2-0052ac11002e	148	630	159	580	157	114	631	61	162	122	[]
550c0193-01b0-4114-95c1-0051ac11002e	219	697	99	74	186	719	537	630	159	888	[]
55141bb8-bb2c-445e-a1dd-0053ac11002e	104	116	322	174	138	480	456	823	742	681	[]
5518477d-c7bc-4444-a1d9-005aac11002e	188	75	233	682	227	146	186	74	852	553	[]
551913c2-b9b0-401b-a120-005aac11002e	440	230	785	46	246	597	779	855	593	879	[]
551bef20-e4b0-4b2e-baf0-0056ac11002e	62	739	48	174	156	116	823	544	37	827	[]
551c3a18-7b18-41c2-befd-0024ac11002e	888	675	719	630	585	887	736	685	664	824	[]
5522cd8e-6c1c-4787-9c77-0027ac11002d	788	761	210	177	375	341	168	151	654	312	[]
55253832-6e68-47ec-ac2f-0027ac11002d	749	418	599	637	247	118	340	758	846	592	[]
552633ed-a650-41b0-9df2-0027ac11002d	220	251	302	848	369	625	298	330	17	582	[]
552bed22-e1a8-4ea7-a330-0034ac110034	307	184	310	329	543	625	312	346	833	847	[]
552e639e-18e4-4627-9f6b-0037ac110034	233	75	302	252	195	186	189	179	234	707	[]
552f98fd-232c-4886-8f7d-0035ac110033	187	196	717	486	400	365	412	510	668	46	[]
55312695-2fbc-4f67-9d51-003eac110034	72	134	39	366	771	87	770	309	318	239	[]
55351a4f-b0f8-4ca0-8006-003fac110033	494	209	582	842	848	329	584	243	17	251	[]
553754bc-c850-4c37-a820-003dac110034	233	170	75	214	852	722	704	525	332	707	[]
5537e237-b98c-43f8-95eb-0040ac110033	783	220	807	808	781	120	794	499	738	510	[]
553f7cb8-9f9c-4a3a-820e-0041ac110033	175	835	310	806	9	842	644	715	759	748	[]
55403c16-5210-4a19-821e-0042ac110033	178	166	554	238	628	34	540	254	373	248	[]
55422a5a-c3dc-4c1c-9f45-0028ac110040	310	175	589	807	352	704	186	334	366	519	[]
55424b92-8144-42e3-b5d0-0028ac110040	776	534	56	387	518	140	336	46	227	326	[]
554250e9-9aac-4cce-b73c-0037ac110040	186	776	534	336	56	518	387	140	46	851	[]
55471306-2048-48be-8a90-0039ac11003f	776	534	56	336	518	387	140	46	851	367	[]
554890c1-aa24-44b9-b450-003aac11000d	134	87	770	771	132	239	216	318	418	839	[]
554a3a8f-1f64-44b6-b334-0027ac11006f	121	639	282	555	226	392	622	321	107	255	[]
554b52c4-446c-4a81-80c0-0033ac11003d	50	151	91	152	769	532	139	447	82	691	[]
5551af6a-cc40-442d-9b49-0045ac110049	22	351	115	267	340	196	611	556	801	584	[]
55520326-2134-46dc-8029-0045ac110049	729	75	704	170	681	581	161	122	154	546	[]
55545fa0-19e8-4b41-950b-0045ac110049	22	831	546	233	687	849	852	154	140	545	[]
55547f07-a1c4-47f9-8acc-0041ac110019	110	112	546	831	233	544	580	823	154	104	[]
555992a9-c144-4403-9fa6-0043ac110019	83	719	537	769	44	313	664	585	332	514	[]
5559d549-e818-435f-a7b7-0043ac110019	170	75	528	233	234	232	707	154	852	525	[]
5559f806-0ffc-4d43-83e8-0042ac110019	276	308	210	328	203	278	69	17	199	331	[]
5559fb40-f394-40cd-874c-0047ac110049	41	172	631	483	455	580	632	270	470	29	[]
555a00df-3c0c-49a4-9e47-0047ac110049	630	578	719	528	61	34	664	703	19	99	[]
555b04c2-cfe0-48b1-b934-0047ac110049	686	750	226	18	719	824	205	191	3	332	[]
555c40cc-3de8-4bfb-b2ea-004fac110019	213	550	100	58	101	470	159	630	654	19	[]
555cb469-fda0-4d59-bcf1-0050ac110019	177	179	701	17	530	663	302	311	121	684	[]
555da685-bcac-487e-8248-0052ac110019	166	628	34	554	82	630	822	540	20	204	[]
555db73d-eedc-43a3-a2cb-0050ac110019	41	114	172	767	116	435	587	192	100	679	[]
555dbdfd-a928-44f5-8bda-0051ac110049	88	177	733	736	870	61	691	183	458	579	[]
555e4e98-1cb4-43e4-9713-0051ac110019	208	852	332	704	233	733	75	726	769	881	[]
555ef7bb-a9e4-4da2-a02a-0051ac110049	351	230	709	801	882	828	403	141	814	49	[]
5563153d-dddc-43f8-b00e-0051ac110049	34	628	178	540	554	442	47	578	92	822	[]
55632d5a-39e8-4e13-9a6e-004fac110049	34	166	540	628	554	442	731	578	48	82	[]
55646e62-2aa4-4c6f-bb75-004fac110049	141	177	368	184	230	709	425	828	882	169	[]
5564a4a1-50ac-46be-aaf2-0050ac110049	205	199	78	13	190	776	71	246	603	56	[]
5565da73-7b74-429b-9d49-0053ac110019	344	371	141	177	69	399	271	137	157	403	[]
556d7542-9708-4674-9fe2-0053ac110049	115	56	776	46	78	488	191	784	128	357	[]
556eafdd-ace0-477f-ad59-0055ac110049	78	482	576	46	56	776	488	673	357	152	[]
55700965-f338-42d5-bc09-005aac110019	399	185	271	646	346	644	511	219	730	180	[]
55701889-7bdc-41c8-95fe-0056ac110049	75	138	233	186	234	322	35	707	530	852	[]
55706397-87b0-42c6-8e86-0056ac110049	116	197	322	206	236	821	823	544	35	138	[]
5571f84b-f43c-4c01-9334-005bac110019	271	185	399	345	646	219	21	249	220	304	[]
5577dfe1-8568-4be9-95f1-0056ac110049	56	46	357	776	78	488	538	576	673	784	[]
557ebdba-f440-49f8-80f1-005dac110019	370	190	201	312	439	489	369	819	507	538	[]
55804b7c-63f0-479c-877e-005bac110019	116	273	544	823	628	48	766	579	455	62	[]
5582db0c-4744-4c2f-9782-005cac110019	114	41	544	823	630	528	172	693	552	58	[]
55883f38-8fd8-4e9f-8675-0057ac110049	54	56	346	128	314	173	511	18	176	122	[]
5588d565-4d80-462f-95e7-005bac110019	60	477	437	159	100	866	58	101	19	162	[]
55893d77-17a0-4f22-b08f-005bac110019	54	548	93	703	603	231	230	129	709	417	[]
558a2f86-cd80-4941-a34d-005bac110019	217	690	34	158	442	157	263	544	823	452	[]
558abd31-7044-43b7-bfce-0057ac110049	66	462	235	197	820	744	713	35	282	52	[]
558bc3a1-2d1c-451c-9635-0059ac110049	236	197	255	235	66	231	36	144	160	820	[]
558c20bb-24ec-41e3-a4c9-0058ac110049	54	237	412	605	672	130	427	778	561	248	[]
558cccbd-3660-4d14-9984-0058ac110049	232	546	545	831	687	233	852	544	823	154	[]
55914d88-1420-4868-b72c-0059ac110049	270	631	89	32	632	676	451	472	464	475	[]
55955393-b180-488d-971c-0038ac110055	233	75	177	3	186	252	179	234	530	852	[]
559a7a2c-bd0c-4220-822f-0039ac110025	186	75	707	74	233	234	722	852	316	509	[]
559aeea4-8f04-4207-9a09-003bac110055	116	238	219	266	823	544	821	531	59	208	[]
559d699f-617c-45f9-8f5c-0031ac11002b	335	191	220	701	143	24	117	629	646	692	[]
559f8999-7810-4495-9f7f-0033ac11002b	187	14	218	714	281	196	146	198	312	356	[]
559f9f11-7978-4104-88fb-0031ac11002b	139	696	135	181	511	257	86	513	664	21	[]
55a13623-fe98-4756-8e01-0028ac11000d	174	165	544	823	821	19	116	208	157	35	[]
55a37d06-fcac-41b7-b6e3-0032ac11002b	190	69	218	301	312	280	439	489	201	507	[]
55a4fa2c-0c00-41da-bc00-0031ac11002b	216	193	95	262	200	431	53	438	318	557	[]
55a5845a-c4a4-4aa4-a204-0027ac11000d	220	177	17	701	663	113	530	121	710	611	[]
55a63566-58cc-4d64-9ed8-0033ac11002b	191	663	133	689	198	217	44	257	139	848	[]
55a658dd-49b4-4c6b-8162-0032ac11002b	537	341	287	189	177	501	143	252	734	874	[]
55a67d38-fda0-4425-9baa-0033ac11002b	663	689	198	257	139	86	532	277	88	571	[]
55a8ec4b-1938-4308-b985-0037ac110013	144	53	692	311	117	140	168	211	154	550	[]
55ad6e31-cf58-4754-b9e1-0038ac110013	831	551	117	143	528	588	703	461	474	642	[]
55ae2def-1aa0-41b3-9c0e-0035ac110013	94	188	218	700	253	785	354	146	625	287	[]
55ae5334-4108-4a17-a6e3-0039ac110013	4	719	630	58	110	158	159	183	821	470	[]
55aea399-da60-4cf6-98e0-0036ac110013	537	693	780	763	591	368	883	459	790	104	[]
55b0cfaf-69a8-4147-ab8e-0048ac110013	72	136	700	216	748	106	113	280	126	318	[]
55b0d407-68a8-4305-bdfe-0043ac110013	204	701	210	243	110	121	248	202	282	76	[]
55b78dc7-1090-4078-986e-0028ac110019	219	888	675	719	630	685	736	585	887	664	[]
55b8f420-5538-47a7-8e48-0027ac110019	190	778	603	698	784	356	13	422	218	128	[]
55bf2016-9374-41fa-aaca-003eac11000d	190	215	280	776	489	13	129	422	87	819	[]
55c0f881-75e4-465f-9ccc-0045ac110019	56	187	146	46	776	347	488	78	784	482	[]
55c35b4f-4370-427a-abf6-0043ac110019	116	48	628	544	823	579	766	495	38	195	[]
55c88c02-d314-4493-877a-0044ac110019	56	46	776	488	482	78	784	576	673	357	[]
55c9b834-5248-4804-a12b-0027ac11000d	210	182	888	178	630	719	204	172	163	99	[]
55ca2834-c52c-48e9-a925-0046ac11000d	157	167	726	531	528	573	866	99	537	630	[]
55cb3239-fa88-423e-a9fc-003aac11000d	75	191	115	287	186	354	707	251	233	179	[]
55cc73f4-ff08-4565-909d-0047ac11000d	114	528	283	866	338	630	159	250	537	383	[]
55cdd80a-a908-425d-9d96-0047ac11000d	285	263	550	94	630	648	484	473	92	51	[]
55cfee09-99c8-4f85-ac97-0047ac11000d	201	421	855	543	134	673	328	599	430	211	[]
55d1b7d4-6a60-4c78-913c-0041ac11000d	819	312	190	603	439	534	728	494	22	215	[]
55d1edcc-2be8-428f-a21f-0042ac11000d	120	503	133	108	168	253	321	611	783	136	[]
55d2cc71-3798-4785-ab51-0047ac11000d	439	190	370	819	534	312	133	489	833	422	[]
55ddf10a-5934-4c38-b246-0052ac11000d	194	513	278	754	786	840	2	3	4	5	[]
55e05586-105c-4b30-9b96-0055ac11000d	168	31	731	274	166	161	701	363	82	578	[]
55e54f7a-550c-4174-8a3d-004cac11000d	725	117	18	339	157	544	101	119	726	491	[]
55f1672f-1d24-4c98-a4f3-0037ac11000d	207	701	836	810	812	209	241	367	840	140	[]
55f692f3-cd9c-44a3-9326-0053ac11000d	582	842	494	329	179	848	133	67	220	584	[]
55f6c5ef-5264-4ad8-b0ef-003cac11000d	69	168	205	629	52	371	627	356	71	129	[]
55f83697-3f34-46cd-960e-0041ac11000d	2	3	4	5	6	7	8	9	17	18	[]
55fac04e-f324-4da2-a6b9-0048ac11000d	227	776	534	387	56	518	140	326	810	336	[]
55fae1fd-4b60-49c6-84f2-0048ac11000d	336	776	534	56	518	387	46	607	140	851	[]
55fcde49-d1e0-4055-9636-0048ac11000d	116	831	823	544	304	585	261	158	528	88	[]
560283b3-e69c-4845-85bd-003fac11000d	204	506	212	640	2	3	4	5	6	7	[]
56050754-e2c8-4f44-9a2d-0053ac11000d	196	87	667	387	176	280	489	507	709	115	[]
56050dfa-d400-45e6-ae95-0053ac11000d	226	120	503	504	133	611	225	139	499	556	[]
5608bec0-fa78-4da0-a6a2-0040ac11000d	269	582	566	574	857	343	403	598	873	494	[]
56091add-2a18-4396-97b2-0041ac11000d	88	101	304	692	521	470	159	117	41	509	[]
560aaec5-0c98-4e6c-8c19-0040ac11000d	313	676	766	51	679	761	263	166	212	522	[]
560e4cc2-2f14-49da-94b7-0059ac11000d	243	203	121	255	177	568	204	625	562	267	[]
560e833e-1a14-4ac1-bbe3-0058ac11000d	236	37	690	97	165	282	459	35	375	27	[]
5611a24d-ed94-4645-a3ac-004aac11000d	434	464	263	116	463	48	462	628	766	823	[]
561294b9-6f6c-436c-99e7-0057ac11000d	210	120	511	133	611	139	556	136	873	108	[]
56155f46-0de0-4f4f-b3c6-0058ac11000d	491	121	311	580	313	177	681	117	143	703	[]
56162d19-a890-4acc-93ed-004aac11000d	116	263	159	238	100	437	423	268	161	162	[]
561671e1-1934-44ea-b208-004aac11000d	423	521	579	122	101	823	544	524	692	457	[]
56192c94-cdfc-4861-a2a7-004aac11000d	216	262	95	431	193	200	438	812	194	803	[]
561badfa-e0cc-4a50-bbeb-004cac11000d	216	262	95	193	53	431	194	349	803	438	[]
561bc8ef-c090-490e-bf59-0028ac11000d	56	215	482	78	776	279	46	576	488	217	[]
561e1370-67a8-49fe-bad1-003fac11000d	353	538	534	56	776	78	46	784	488	357	[]
561fa948-383c-459f-92e4-0045ac11000d	234	35	75	138	186	707	322	233	74	852	[]
561fffec-5aec-4317-ad90-0046ac11000d	257	532	86	770	224	413	309	139	525	394	[]
56215356-45e4-4f17-a3bc-0024ac11000d	177	174	692	701	117	696	304	530	544	636	[]
5624e823-2130-4b32-879f-0044ac11000d	216	53	95	262	193	431	200	438	812	194	[]
56262825-e5d4-49cc-8845-0045ac11000d	263	110	462	202	528	497	831	122	866	162	[]
562639ac-5450-4ed8-9b05-0047ac11000d	187	525	770	600	87	280	333	626	413	340	[]
56264ee1-bc38-4200-82a7-0034ac11000d	238	521	149	154	520	156	41	692	696	52	[]
5626874d-84a4-4894-aa6c-0046ac11000d	72	523	188	702	22	700	136	242	146	359	[]
5627a675-bd90-4da9-b1a9-0046ac11000d	257	663	770	303	227	309	139	86	413	532	[]
5627d5db-73ec-40fe-aae5-0025ac11000d	545	505	2	3	4	5	6	7	8	9	[]
5628eba9-6668-4f91-8d36-0033ac11000d	532	257	86	770	413	394	816	139	198	509	[]
5628fcea-dca4-4cd9-8d57-0033ac11000d	120	133	139	611	108	136	511	556	873	220	[]
562d25a9-c998-4218-bde0-004fac11000d	491	276	282	280	354	600	422	272	748	433	[]
562f8325-35f0-4819-b398-004dac11000d	461	88	83	302	101	304	734	58	521	104	[]
562fa0c6-ddf8-4c55-8eeb-004eac11000d	96	249	161	497	527	865	141	199	248	368	[]
56320857-cb7c-4587-bad8-004fac11000d	260	546	663	693	695	429	867	167	495	148	[]
56324d45-cb18-4ce1-8153-0039ac11000d	703	695	462	484	762	434	298	831	690	249	[]
563257be-13b0-47a7-8ac7-0050ac11000d	335	529	347	146	593	304	530	606	786	696	[]
563326d3-7718-47fe-ac9f-003bac11000d	245	213	276	368	491	335	586	311	480	50	[]
563806ad-0ae0-4936-8186-0050ac11000d	770	267	133	748	626	120	237	818	111	113	[]
5638b120-f67c-45d5-9afd-003aac11000d	48	298	539	757	116	117	263	533	442	467	[]
5638bc68-45e8-4bd7-80a9-003bac11000d	280	187	134	770	132	87	771	390	72	302	[]
563b5d8e-dfe8-47c8-97d0-0050ac11000d	42	667	202	197	249	267	253	440	349	277	[]
563b7b8e-8d5c-40e4-9659-0050ac11000d	266	121	421	484	155	20	162	250	587	866	[]
56410160-9d64-4414-b151-0057ac11000d	783	504	807	365	781	794	499	738	510	503	[]
5641dc37-b5d4-41a2-b80c-0057ac11000d	73	48	18	274	76	96	685	279	98	383	[]
56421ecb-6480-4099-bfd7-0057ac11000d	195	636	552	177	304	41	337	104	52	888	[]
5643b8b0-8e08-495c-a11b-00360a2a73a5	269	777	729	574	314	143	646	832	629	336	[]
5645d3b5-ac18-4cb5-b406-002d0a2a5fa8	514	208	250	426	554	60	868	274	24	178	[]
564856ff-4214-4e54-b4e3-00330a2ac408	243	203	204	274	121	580	76	162	684	587	[]
5649d205-824c-484a-973d-00340a2a7b7f	798	176	369	2	3	4	5	6	7	8	[]
5649de69-2dd0-4242-bb08-00300a2a0e2d	243	121	274	376	76	684	204	162	498	524	[]
564aeba6-f7bc-4add-89d4-00330a2a1387	609	743	638	2	3	4	5	6	7	8	[]
564b2718-fe98-4142-b052-00310a2af576	705	117	27	140	413	461	474	642	692	701	[]
564b6c02-2f74-462a-9b9a-00300a2a89d1	121	202	863	203	373	210	739	243	250	587	[]
564dd425-f5c0-4a54-9202-00330a2a20d7	227	482	78	576	56	46	776	488	357	673	[]
564de013-5fb8-4f8f-836e-00310a2af835	308	328	199	69	540	360	141	278	34	496	[]
564dfd01-7194-4f91-8874-00320a2a63e6	249	360	713	34	731	26	563	398	578	701	[]
5651a020-7cd4-4098-b83f-00830a2aec9d	477	100	19	101	509	866	553	159	58	122	[]
5655c779-b664-40d5-874d-02a50a2aec9d	246	627	205	31	286	71	634	389	344	333	[]
5655d362-81d0-488a-8118-02a70a2aec9d	257	139	86	332	769	532	198	691	225	816	[]
5656ef28-e388-4b49-9f6f-036d0a2aec9d	253	168	781	810	499	118	783	807	701	95	[]
565c66d2-8a98-4559-8139-021c0a2a08ac	276	368	141	495	870	430	199	331	497	66	[]
565c8761-eb90-4ea1-bfea-02240a2a08ac	141	368	430	199	495	315	212	497	350	123	[]
565f5cf8-213c-4c3b-85e2-02800a2a08ac	781	97	539	338	206	732	530	161	311	24	[]
5661bc15-6cfc-43c2-bc8b-007f0a2addee	833	177	221	108	828	783	545	873	697	186	[]
56631f4b-2808-425c-9da2-00c30a2addee	209	516	604	558	418	118	106	225	559	390	[]
566579ad-7088-406d-a524-00320a2a5969	219	206	781	97	539	338	530	696	704	91	[]
5665bca3-1308-4374-bb24-00470a2a0dd4	143	210	703	447	717	629	646	51	744	475	[]
5666fc1f-523c-4b22-8be6-00c30a2a5969	308	278	540	328	69	276	199	731	274	548	[]
56691349-1724-4e7f-88e3-01260a2a0dd4	820	827	195	272	544	823	155	197	495	320	[]
56695a89-6630-447f-beab-01ba0a2a5969	876	881	287	205	201	879	189	314	44	872	[]
566a6855-6f94-4785-845f-01650a2a0dd4	9	262	644	362	877	715	285	303	175	181	[]
566e82eb-4e70-4a64-9fb9-01200a2a640e	209	889	740	743	280	136	720	126	688	87	[]
566f0bb9-b900-432f-8abb-002e0a2ac458	196	187	230	253	351	717	709	499	828	804	[]
566f19ac-eba0-43cf-97ab-002d0a2ac458	271	399	185	646	180	501	346	511	644	730	[]
566fe218-fbf4-44c8-9e55-00300a2a64f0	258	259	247	650	304	887	11	64	521	301	[]
567124c5-9230-4937-af7f-004f0a2ae4d8	278	280	301	91	181	227	213	530	203	491	[]
5671597f-10a8-459c-85c3-005b0a2ae4d8	78	776	56	518	344	534	387	336	629	140	[]
5672a8dc-4c9c-4399-8c87-00b10a2ae3a4	282	208	250	554	178	426	730	274	540	308	[]
5677fbc4-81bc-428b-b72f-03c30a2ae3a4	115	280	106	136	181	610	564	277	349	817	[]
56781cfb-27e4-4b68-8ee5-00300a2afd60	364	529	394	181	432	523	136	377	564	817	[]
568d4c15-5570-4456-85f0-041a0a2afd60	303	301	91	835	740	13	513	743	309	112	[]
568f52c5-1914-4ea2-9e26-048e0a2afd60	502	2	3	4	5	6	7	8	9	17	[]
568fd1b8-d224-4358-86e1-06aa0a2a883c	2	153	676	60	180	5	616	527	163	159	[]
5690126f-d2dc-475b-b81a-06ba0a2a883c	249	502	286	31	255	73	25	331	624	622	[]
569484f9-5dcc-4d34-a2cc-08470a2a883c	97	206	615	142	735	727	183	530	149	648	[]
5694ff6c-4f10-46bc-b110-05aa0a2afd60	287	605	848	494	499	302	311	304	421	203	[]
56967bf7-e9bc-417d-bf35-05f10a2afd60	278	681	311	496	77	328	161	368	38	544	[]
5697c4ea-0ca0-49e4-86b9-062a0a2afd60	259	93	258	650	393	113	7	675	45	651	[]
5698238f-2230-4926-bc88-063a0a2afd60	333	778	190	603	218	784	353	698	507	356	[]
569cd631-5948-4caa-b294-06e20a2afd60	685	133	120	139	511	611	225	664	258	556	[]
569ce9e9-a8d8-430e-8af8-06e10a2afd60	387	259	593	198	421	864	191	479	234	576	[]
569d088b-1648-4cfb-973f-06e20a2afd60	206	208	250	554	308	734	730	540	178	334	[]
569d1b9d-e078-4f88-a6ea-0a930a2a883c	208	250	554	308	734	730	643	540	178	334	[]
569e8f5b-8e70-4274-b529-07450a2afd60	496	328	68	333	69	825	210	303	96	123	[]
569f98e3-10c4-42c7-a9b2-0b3f0a2a883c	285	63	122	263	161	268	437	464	162	110	[]
569facdf-4e30-4182-9ca9-07b50a2afd60	238	150	631	505	159	256	632	41	654	481	[]
569fc463-cb7c-47e1-82fe-0b440a2a883c	278	91	287	280	312	217	315	355	538	361	[]
56a251e9-6100-48fd-856c-087d0a2afd60	273	34	313	256	552	162	110	171	579	870	[]
56a5fef1-7554-4b29-823e-092c0a2afd60	177	657	202	338	672	589	677	573	29	535	[]
56a63f4f-47c4-49af-a368-093d0a2afd60	2	3	4	5	6	7	8	9	17	18	[]
56a76a26-5474-4dd7-b57d-096d0a2afd60	237	626	503	133	111	394	611	516	556	220	[]
56a7961b-bde0-4b97-b883-0d6c0a2a883c	251	605	494	848	499	724	203	421	746	221	[]
56a7aa1e-6120-4062-bdc3-0d6e0a2a883c	218	353	666	489	712	711	785	439	607	312	[]
56a7b316-4658-4672-92b7-0d700a2a883c	441	333	340	280	118	319	44	191	112	834	[]
56a7ffc4-dca8-4ae5-b782-09950a2afd60	403	413	369	412	345	340	770	118	253	684	[]
56a8ca93-ef60-4231-bd39-0dc40a2a883c	302	530	474	119	316	311	655	24	741	195	[]
56a8f050-aa1c-4e81-8ef1-09c90a2afd60	274	539	263	338	203	460	272	615	102	540	[]
56abda14-e980-4620-b3ad-0a720a2afd60	679	100	162	339	632	470	423	435	122	270	[]
56b0d944-2e68-4df0-99d2-10060a2a883c	238	679	100	423	339	122	524	435	268	587	[]
56b0f1e1-0ef8-4c67-a959-10060a2a883c	421	855	661	314	665	582	534	194	709	7	[]
56b20572-edc8-4eed-890f-0ca90a2afd60	328	496	308	199	68	825	69	333	303	210	[]
56b21f10-4528-4138-8138-0cb00a2afd60	208	339	256	73	643	250	730	737	554	868	[]
56b227d6-f398-455a-a2ba-0cb90a2afd60	196	187	717	365	400	253	412	668	510	486	[]
56b2737f-d100-4c93-8bc4-10770a2a883c	339	41	256	455	375	446	631	23	483	580	[]
56b316e1-87bc-4a73-89b1-10b00a2a883c	2	3	4	5	6	7	8	9	17	18	[]
56b3dadc-4ba8-477e-ab4a-0d540a2afd60	424	713	284	545	203	154	525	197	31	73	[]
56b45431-4488-43ed-9faf-11240a2a883c	553	138	213	233	183	52	581	75	546	704	[]
56b85012-d33c-4b5f-bacb-00c50a2af616	5	528	58	268	630	238	631	342	6	437	[]
56b8d4a2-8164-4cf7-ba60-11000a2afd60	346	351	230	312	709	882	828	801	403	277	[]
56bb3eda-b4d8-42aa-bb9a-134f0a2afd60	246	421	230	218	314	14	115	855	661	201	[]
56bdc09d-798c-440f-8db8-023e0a2af616	486	187	196	717	325	503	7	595	298	253	[]
56c0a8b5-f6f0-4fca-ae55-011c0a2a3ca6	187	312	667	230	795	280	516	362	709	855	[]
56c1e3a5-5644-498e-8ac6-01940a2a6be7	196	230	187	351	709	828	801	882	403	387	[]
56c244b5-1210-4530-b3e1-01bf0a2a6be7	203	424	274	713	204	284	31	154	197	525	[]
56c2de0e-f1fc-4651-861b-01f90a2a3ca6	27	647	375	863	852	97	704	74	678	75	[]
56c31212-73e0-43b9-9195-02080a2a6be7	333	208	178	31	250	286	554	308	643	734	[]
56c31df3-08cc-4574-83af-020a0a2a6be7	249	555	683	283	334	338	325	410	674	210	[]
56c4e4bf-c844-43c3-8e97-02b50a2a6be7	618	286	325	775	25	825	762	624	321	255	[]
56c5a056-eae4-4e2b-b11d-02d40a2a3ca6	116	48	165	823	544	174	266	820	155	102	[]
56c62805-1d38-402b-84d6-03120a2a3ca6	165	208	114	162	99	648	47	823	537	544	[]
56c68a0e-20fc-4a5e-ab2f-03450a2a6be7	865	730	479	326	729	41	605	76	190	642	[]
56c70927-9908-4663-a9e1-03520a2a6be7	648	208	99	114	581	537	719	162	273	630	[]
56cdd471-f020-4357-8fa6-05460a2a3ca6	670	776	353	14	312	667	46	729	771	218	[]
56d0378b-bcb4-4490-a433-06450a2a6be7	311	276	217	344	348	315	24	337	530	304	[]
56d42842-93a4-4ee9-be19-06c30a2a3ca6	116	274	174	820	165	102	544	823	580	442	[]
56d4a3cb-d7bc-42f0-99b6-07b00a2a6be7	823	544	831	19	821	157	524	664	122	38	[]
56d614b5-eef4-4579-95f9-07220a2a3ca6	628	385	888	539	831	250	266	466	631	48	[]
56dd5216-639c-4ef9-9f9f-0e1b0a2a4bff	217	690	324	284	452	636	263	34	693	442	[]
56dd53d7-d184-4ce5-abed-11a60a2a6d78	286	167	31	621	333	725	271	73	775	752	[]
56dfb62a-4ef0-45e7-9de0-152c0a2a4bff	210	253	178	51	94	121	282	402	151	744	[]
56e01f5f-bb14-499a-8d79-00650a2aace4	413	184	701	840	87	310	812	312	754	301	[]
56e031ae-6ed4-45be-a5fe-002e0a2aca4b	507	626	369	607	603	220	747	856	396	819	[]
56e09d46-262c-4fd1-b354-01300a2a417f	137	622	248	152	329	857	566	624	343	602	[]
56e0cce5-cef4-43fc-8ce1-01980a2ad81e	152	248	207	566	857	343	365	602	608	717	[]
56e1948d-9340-4af5-ba68-042f0a2a417f	210	151	333	622	231	226	50	381	51	437	[]
56e1c208-9154-412c-b719-04cf0a2a417f	51	210	226	428	50	381	20	867	508	738	[]
56e1c3d4-a868-48a0-b4d0-04300a2ad81e	441	152	248	486	857	566	343	624	7	602	[]
56e29125-75b4-4c1f-af67-068e0a2ad81e	226	381	210	398	703	51	447	429	586	738	[]
56e2ffd3-e1f4-423b-a380-00360a2adc86	368	540	673	37	536	855	343	537	780	763	[]
56e301bb-9ca4-4f4a-b770-00370a2adc86	648	647	495	863	530	149	35	119	179	322	[]
56e32820-1078-47f5-a406-007e0a2a6889	210	508	50	226	686	652	410	548	443	403	[]
56e68620-2efc-4bfb-bf49-09870a2a6889	226	210	99	51	428	888	831	631	632	509	[]
56e68c04-b8b0-4850-a9c7-0b140a2adc86	590	780	763	382	561	864	16	121	591	331	[]
56e6a9e3-c238-422d-a13a-09e30a2a6889	301	13	626	396	507	220	603	607	856	819	[]
56e70bac-5abc-4a63-9ede-0c5d0a2adc86	151	210	226	302	51	249	428	788	429	622	[]
56e76715-0ba4-48b5-aa58-0d8f0a2adc86	655	105	546	260	537	425	49	374	579	100	[]
56e83033-fecc-42c5-8cde-0f880a2adc86	226	51	210	428	151	548	231	454	69	177	[]
56e8ce20-54b0-4971-bd28-11a60a2adc86	196	253	440	351	813	366	801	187	709	230	[]
56e92688-0940-49b7-93e9-10590a2a6889	563	276	744	17	51	639	333	454	501	141	[]
56eaad1f-fd18-49bf-8fe6-00610a2a0b7f	95	216	262	193	200	431	194	53	812	885	[]
56ec10f5-8b28-40c9-a01c-03b80a2a0b7f	351	230	709	801	882	828	141	184	403	387	[]
56eca39c-7bf8-4927-b437-00fa0a2a1fd5	133	413	770	626	394	86	818	808	330	12	[]
56ee50b3-76bc-4697-8062-04f10a2a1fd5	351	9	796	181	792	795	802	396	759	262	[]
56f00164-290c-4707-959e-0b550a2a0ff1	53	216	200	95	431	262	87	193	812	194	[]
56f00b4f-0618-4742-a7d5-09090a2a1fd5	133	209	225	418	558	516	118	604	106	390	[]
56f00ef2-3174-42f2-8875-09140a2a1fd5	136	345	833	132	576	139	418	280	513	387	[]
56f13469-7084-48f0-a1d2-0f200a2a0ff1	700	72	748	136	280	134	126	688	216	359	[]
56f41692-b7d8-4b32-9262-16ef0a2a0ff1	39	173	859	576	122	45	560	233	770	209	[]
56f50559-77dc-4d0b-ad64-140c0a2a1fd5	628	199	272	827	749	540	578	155	266	862	[]
56f53b0d-7908-40b4-8ae7-14820a2a1fd5	189	649	390	430	401	112	754	487	311	813	[]
56fccbb3-52b8-4297-84e4-30d50a2a0ff1	216	200	262	95	193	53	194	136	812	877	[]
57024f04-7e04-4460-ad26-12fe0a2a4e9e	526	147	624	286	57	96	657	634	577	98	[]
57029d8c-402c-42ae-bc6d-0c670a2ae7c0	318	359	773	759	95	361	366	792	795	802	[]
5703a19c-1df4-4f05-9ee7-177e0a2a4e9e	542	333	690	263	442	99	528	324	719	452	[]
5703a59d-c260-4c8b-846f-17870a2a4e9e	336	223	538	190	130	851	603	819	534	275	[]
5703d08c-8750-4d74-a187-0f050a2ae7c0	359	773	95	361	132	792	795	802	759	262	[]
570503fd-81a0-4905-b2f3-1ca40a2a4e9e	178	628	166	34	554	82	540	630	822	719	[]
57050c24-47d0-4a1e-a049-1cc60a2a4e9e	20	403	178	381	628	166	738	34	82	719	[]
57051246-d88c-4951-8b81-1cd90a2a4e9e	277	345	800	514	146	280	11	543	349	534	[]
5706813b-1700-469d-b3a3-21b80a2a4e9e	330	349	115	817	181	564	610	588	743	327	[]
57078b88-75d0-47a8-b596-24890a2a4e9e	538	336	370	190	489	514	603	534	819	215	[]
5707d33e-e0b0-4cd6-b27a-17d90a2ae7c0	326	227	168	330	710	231	120	812	810	397	[]
570bba5a-a5b8-4b60-83e5-33310a2a4e9e	213	287	18	278	808	722	86	330	147	515	[]
570cb1a3-ef08-405a-94c2-23a90a2ae7c0	397	227	367	810	710	812	336	310	806	799	[]
570d4042-48b8-4db0-aa2c-38280a2a4e9e	184	12	212	185	527	368	399	314	543	511	[]
570d65c1-8428-4f22-820e-38920a2a4e9e	333	787	68	325	526	879	123	617	734	31	[]
570e5664-44d0-4be8-a093-27f10a2ae7c0	337	203	637	247	118	418	287	592	846	599	[]
570e8e31-6378-4fce-94ae-288b0a2ae7c0	302	639	713	123	427	16	741	308	332	775	[]
570fa1e7-b52c-4e5d-bcb1-2afc0a2ae7c0	753	553	234	247	188	410	682	75	338	138	[]
570faf80-84f4-402b-af0f-408f0a2a4e9e	210	750	270	381	686	451	744	464	676	47	[]
5714819c-c54c-413f-a114-09570a2a7ae1	403	563	744	430	51	17	454	639	116	381	[]
5714ee70-45f4-414a-8f4d-0b320a2a3f76	200	134	771	318	770	87	366	239	72	132	[]
5714f0d5-4f58-4623-b6eb-0a260a2a7ae1	107	333	267	255	42	204	286	177	381	325	[]
5714ffd7-d7ec-4af5-a7d3-0a490a2a7ae1	219	309	310	107	645	439	113	204	251	842	[]
571521d0-f250-417e-b42b-0b980a2a3f76	132	799	347	303	792	795	802	330	309	813	[]
571574f7-62dc-42b9-b1e8-0b3a0a2a7ae1	278	302	242	771	134	112	252	280	87	132	[]
571579df-43f8-479a-8ca0-0b460a2a7ae1	180	271	298	399	184	18	249	44	252	860	[]
5715c870-e438-470d-b9c3-0bf00a2a7ae1	538	350	729	90	326	190	819	215	661	547	[]
5715f0e1-8138-4036-a015-0d500a2a3f76	69	75	189	186	707	233	234	74	831	852	[]
57164fcd-d460-4a8d-95d4-0cf50a2a7ae1	252	344	75	186	130	707	287	233	316	74	[]
571787ab-ab10-454f-b8da-0f300a2a7ae1	873	7	592	54	14	876	269	152	857	574	[]
5718e048-f370-4b33-9769-132d0a2a3f76	302	618	319	427	562	333	31	331	123	332	[]
571926a9-7020-4620-a628-006a0a2a34e5	626	86	770	772	108	330	413	394	611	556	[]
5719fc31-1fe0-4e72-ad66-01f80a2a5fc8	333	803	806	478	600	310	99	819	558	614	[]
571a098a-b5e4-416c-b8ce-02180a2a34e5	281	853	11	13	189	740	301	707	26	7	[]
571a55f5-591c-4e06-95e7-02ae0a2a34e5	121	651	177	741	259	675	644	139	183	258	[]
571a746a-c774-4f91-85e6-02e30a2a34e5	278	116	161	820	174	544	654	823	155	272	[]
571aade5-91bc-4321-9765-033d0a2a34e5	398	51	391	429	229	153	381	828	2	3	[]
571e02e3-2934-4d5d-a259-0a2d0a2a34e5	302	123	344	141	590	276	54	308	137	639	[]
571e0852-06a0-4db0-9ab2-09b50a2a5fc8	344	853	740	707	461	189	301	26	281	187	[]
571efc8b-8938-4c99-835d-0b970a2a5fc8	328	789	527	344	333	137	331	858	269	368	[]
5720bd1c-c6cc-415b-8ffe-0fa50a2a34e5	440	516	417	209	253	599	558	340	503	390	[]
572214c5-25b8-42e3-b8a4-11330a2a5fc8	130	201	237	44	590	882	427	518	881	105	[]
57221ae7-a108-4c30-a194-12300a2a34e5	177	75	186	252	707	233	234	316	302	74	[]
572232db-ba64-4f67-ab5a-126e0a2a34e5	757	627	231	388	318	875	325	624	622	363	[]
57224638-52f4-460a-ac7e-119a0a2a5fc8	563	17	744	51	333	141	639	454	169	605	[]
57224921-f734-42bd-b3ab-12ac0a2a34e5	189	186	75	707	74	234	852	233	831	722	[]
5726a93f-9e80-4553-9d9c-1b120a2a5fc8	271	180	348	2	3	4	5	6	7	8	[]
5727f83e-4758-44a8-b100-1d9f0a2a34e5	271	348	2	3	4	5	6	7	8	9	[]
572869d6-a11c-46f0-977a-1e930a2a34e5	141	123	276	590	344	308	54	639	137	328	[]
57289e7b-caf8-4678-a272-1fa30a2a5fc8	2	3	4	5	6	7	8	9	17	18	[]
5728d8b1-6740-4a5b-9850-1fe40a2a5fc8	219	97	461	206	101	88	83	304	704	734	[]
572a0a63-002c-433a-8069-02e40a2a3e54	618	319	427	374	562	391	331	17	31	492	[]
572b3419-3034-4b13-b2fd-01670a2af858	213	29	341	770	52	515	64	232	808	108	[]
572c4b81-33a8-446b-9c6c-0c290a2a4f90	750	270	210	676	451	464	472	447	826	47	[]
572c638c-cf88-4eed-8996-00a90a2a6eaf	94	229	410	31	392	696	235	283	82	255	[]
5730824c-d284-410b-9f71-00320a2ac04e	481	5	339	423	437	100	751	6	268	497	[]
5731b802-af20-4aa2-a88c-002d0a2a18f1	603	22	45	190	209	564	378	819	755	808	[]
57324868-fc20-4bca-8d75-002f0a2a18f1	339	640	256	476	737	580	372	73	725	208	[]
5733487e-5be8-43ab-94a8-00430a2ac04e	613	356	369	711	851	547	518	420	708	561	[]
5735fb88-e830-421d-bdba-0e030a2a7023	325	722	808	18	622	330	147	213	515	86	[]
5739bd0b-7cf4-48c3-9920-00960a2a7db7	357	353	218	115	594	87	356	190	774	595	[]
5739c140-cf2c-4715-b72b-00a00a2a7db7	195	206	652	123	255	863	865	276	174	820	[]
5739d474-441c-42a7-a0a1-00f30a2aa8ac	54	248	312	7	873	592	152	441	876	857	[]
5739f1bb-26b0-4343-b0d0-003b0a2a27f1	624	286	577	24	526	73	99	391	725	333	[]
573a8620-8690-4c9e-9018-00c20a2a58f7	196	351	813	440	366	801	230	361	804	709	[]
573b1b45-9248-420e-a840-013c0a2a27f1	413	574	441	807	248	137	403	738	850	312	[]
573b1dbc-3d7c-4071-aea7-01680a2a58f7	96	102	157	199	147	643	865	685	116	73	[]
573c36fa-c3c8-4354-a6cc-02af0a2a58f7	115	776	534	387	56	518	140	812	46	851	[]
573c7aa6-9174-4616-a390-02fe0a2a58f7	380	403	309	310	107	179	219	113	204	340	[]
573d299d-8584-4dcb-9dc0-04ca0a2a27f1	887	644	548	888	429	212	640	177	182	172	[]
573d614a-1140-4226-bd62-04350a2a58f7	216	193	354	499	200	280	262	347	95	215	[]
573d810d-83c0-46bc-80d3-054c0a2a27f1	144	52	117	474	692	461	696	217	701	550	[]
573d83c7-d350-4c18-af39-05520a2a27f1	115	776	534	387	301	56	140	518	336	513	[]
573dcecd-2698-4420-9d81-04d60a2a58f7	217	509	770	452	161	38	413	626	309	570	[]
573ecd91-1418-466a-91cd-0dce0a2a58f7	344	281	847	844	44	881	353	71	879	201	[]
5742d946-c70c-48db-bb91-00320a2a15a3	333	789	527	331	344	328	68	17	157	137	[]
5744134a-d380-40c3-a564-002f0a2ab23c	394	28	618	775	825	25	321	626	564	605	[]
57441cc5-d6ec-4993-b079-002f0a2ab23c	281	382	130	44	344	876	660	512	518	514	[]
5744be9e-bf4c-460e-84d2-002d0a2acf55	116	32	153	886	41	826	749	320	174	868	[]
5745f403-fc24-43b2-87d0-00300a2acf55	362	792	795	802	396	791	793	689	9	813	[]
5746f423-d9d0-4495-a345-002f0a2a7f1e	82	167	206	634	286	652	756	775	98	790	[]
57470080-2b34-4cc4-b929-002e0a2ac2ed	620	142	568	803	806	570	504	707	143	275	[]
574721c1-2928-4a82-a402-002e0a2ac2ed	346	872	14	314	794	126	277	570	307	478	[]
5747e281-7ce8-41f1-8940-002f0a2ac2ed	544	217	663	34	823	117	324	689	198	257	[]
57481072-d28c-475e-8ab0-002e0a2a7f1e	250	208	118	637	418	247	599	592	417	846	[]
57481129-7c24-4fd4-b420-002f0a2ac2ed	346	803	806	310	99	558	600	819	587	176	[]
574846fa-667c-400e-b38d-004c0a2ac2ed	208	643	730	238	250	376	455	734	274	60	[]
5748df48-ac70-42b2-b5ff-002f0a2ac2ed	810	701	812	335	227	53	840	140	836	245	[]
574939aa-e8a8-49ca-a1c2-002e0a2a7f1e	331	269	248	551	527	7	17	219	344	145	[]
574ab675-c32c-430e-9bdc-002e0a2a7f1e	367	78	190	776	603	397	538	46	370	246	[]
574aeb06-7b14-4239-ad9f-002f0a2a7f1e	276	540	141	344	137	649	368	15	371	860	[]
574b4dbb-c46c-4bc2-8fac-002f0a2ac2ed	54	828	398	371	123	858	860	590	152	399	[]
574b7a32-0428-491d-8500-002e0a2ac2ed	276	399	271	69	328	141	269	344	368	137	[]
574bf9d1-c614-49d1-9055-002f0a2a7f1e	835	416	658	396	418	885	839	541	811	395	[]
574d11b8-3318-4746-9102-002f0a2a7f1e	325	624	787	645	622	302	333	255	775	445	[]
574db38c-d0f4-4a4f-9a16-002e0a2a7f1e	887	449	644	548	888	177	429	441	212	640	[]
574e8be4-9658-43fd-a567-002f0a2a7f1e	776	534	56	336	518	387	140	46	851	367	[]
574e91ca-9914-4fb3-97e8-002f0a2a7f1e	262	53	216	803	529	572	347	367	491	335	[]
574ef1a6-47bc-4c51-b1a2-00320a2ab710	614	360	658	743	354	91	135	379	355	9	[]
5750654a-6988-4ccc-bddc-00b00a2ac2ed	210	151	121	373	402	382	20	50	381	249	[]
57509013-8744-4028-b814-00c00a2a7f1e	333	219	325	31	787	526	734	617	879	453	[]
57513a55-f3a8-4d07-8635-00da0a2a7f1e	340	561	436	711	369	613	850	680	71	584	[]
575159b9-f938-4338-8f97-00b10a2ac2ed	700	134	318	72	216	136	702	507	287	70	[]
57553f54-2ef0-441a-962b-00c70a2a7f1e	383	116	98	790	141	337	276	368	482	371	[]
57554841-642c-429d-8c51-00da0a2a7f1e	345	442	141	425	790	371	276	482	368	337	[]
575792fa-e128-42e2-9c0e-00da0a2a7f1e	253	312	413	177	807	361	398	794	668	781	[]
57581056-0b68-49cc-b05e-002c0a2a18ca	329	237	330	611	556	771	239	108	842	244	[]
575956ba-4188-4346-8e18-002d0a2a4501	208	376	339	730	643	250	734	554	238	868	[]
57596d66-5ff8-4c6b-8a96-002c0a2a150b	526	389	302	727	734	530	16	119	756	685	[]
57598b83-7e24-40a8-b648-002d0a2a150b	825	775	618	332	28	707	363	25	414	410	[]
5759b620-f4d0-422c-b2ac-002d0a2a4501	410	54	828	398	123	858	590	371	860	69	[]
575a9d2f-a12c-4449-853d-004d0a2a150b	739	48	174	37	156	116	827	165	544	823	[]
575aa892-b244-4163-a20b-002c0a2a150b	612	309	310	107	365	113	721	568	340	645	[]
575ace18-7f9c-4cb7-961b-002d0a2a150b	733	726	341	177	888	887	730	671	398	195	[]
575eb1c4-0d9c-46c9-8fb6-004d0a2a150b	263	268	497	528	831	122	428	437	387	442	[]
57616b87-e08c-475a-9fb5-008a0a2a150b	200	53	95	311	557	262	117	572	478	193	[]
57616ded-e73c-4ed5-92ac-00570a2a4501	658	200	396	637	811	885	418	53	541	355	[]
5762aaad-7b8c-4822-99e1-002d0a2a0279	719	61	537	342	619	100	58	821	286	870	[]
5762b5c6-5080-4b2c-9bfe-002d0a2a8f75	719	416	537	100	619	398	821	61	286	673	[]
5762d896-0d88-40ba-be32-00430a2a8f75	719	537	100	619	286	58	673	821	59	870	[]
5763cd6e-1f28-4b5b-b995-002c0a2a0279	809	259	675	139	183	258	691	769	225	257	[]
57641dcb-dec0-47da-bc32-002d0a2a0279	174	195	33	612	627	820	475	550	52	654	[]
57696709-3c5c-49c7-a47d-00690a2a8f75	233	332	423	619	173	493	122	562	435	192	[]
576ab67c-db54-46ee-92b6-00350a2a0279	430	77	199	141	644	425	646	399	844	851	[]
576ab6c3-0160-4268-b0a8-00690a2a8f75	164	730	372	376	339	520	471	643	274	23	[]
576bd0c3-2170-4395-8bf6-00520a2a8f75	334	400	388	852	325	627	315	231	53	168	[]
576c01c3-a17c-4cc2-b30a-00520a2a8f75	27	237	239	329	321	842	837	846	327	834	[]
576d3c6b-5a64-4dfc-a708-00690a2a8f75	251	209	136	611	70	509	302	513	755	237	[]
576f50e8-dc74-4ef0-8316-002d0a2aceff	97	165	195	690	459	282	641	37	886	498	[]
57713665-0bdc-4d38-8feb-002d0a2a0137	435	769	639	525	686	618	31	389	770	546	[]
577197ed-10b4-4bcd-bdfc-003a0a2aceff	47	270	631	41	153	632	100	32	472	419	[]
57741615-617c-4937-89bb-002c0a2a0137	700	303	361	132	280	773	366	118	359	720	[]
5774dbfb-150c-4c7b-a3e5-002c0a2aceff	280	118	262	216	773	710	309	327	359	369	[]
5775460b-37a4-49a8-aa42-002c0a2a0137	348	578	278	573	355	149	469	303	228	279	[]
577565f4-6a30-44d7-918e-002c0a2a0137	521	579	450	460	4	434	256	442	38	263	[]
5776364d-59d8-4445-a063-002c0a2a0137	464	263	457	122	477	63	116	261	823	544	[]
57767a97-007c-4aa6-b83b-002c0a2aceff	341	761	89	263	398	648	461	644	15	29	[]
577971f3-a9d4-4b11-890c-00310a2a0137	578	278	573	355	149	303	228	279	469	805	[]
577a5d04-b224-44a4-90c2-00bf0a2aceff	339	520	617	372	469	462	643	763	23	29	[]
577cdf4d-6d58-4670-a50a-00bf0a2aceff	792	795	802	285	791	364	347	351	813	396	[]
577cf643-6b80-42a8-9e7c-00be0a2aceff	349	194	227	281	431	793	803	812	146	743	[]
577d066c-d6c0-4180-b632-00ec0a2aceff	412	218	416	441	237	605	130	672	561	427	[]
577d69ab-b5b8-47ec-a593-00310a2a0137	441	136	168	137	807	574	248	738	850	547	[]
577e922f-2078-4207-9fd1-00bc0a2a0137	424	365	717	428	360	486	167	42	412	882	[]
577f0dab-8f88-4ff1-a1a1-00bc0a2a0137	233	519	248	574	738	807	137	850	152	7	[]
577f7d9e-5ca4-425f-859a-00ec0a2aceff	510	574	807	668	248	137	738	850	486	312	[]
577fa336-76e0-45ff-b5f7-00bf0a2aceff	574	738	248	137	807	152	850	7	486	312	[]
578095cd-123c-491c-a1dd-00bf0a2aceff	75	525	396	857	808	704	304	418	72	146	[]
57829aca-c700-4837-b342-00310a2a0137	574	738	248	137	807	152	850	7	486	312	[]
578359d0-91ac-4983-96f5-00bb0a2a0137	412	386	8	779	785	360	810	350	541	347	[]
5783bc7b-d994-4990-bf7a-00bc0a2a0137	828	351	7	93	417	436	881	708	403	382	[]
5783dd99-9fdc-487a-b901-01360a2a0137	553	739	234	546	675	188	722	704	247	525	[]
5783e1b4-2a80-4213-8d18-016e0a2aceff	237	672	130	605	412	427	778	105	714	66	[]
5784b683-a710-43cd-a066-01740a2aceff	489	56	776	191	534	518	436	387	336	851	[]
5785c3aa-71c4-45f6-8c12-013d0a2a0137	134	770	771	87	239	839	309	132	808	72	[]
5786174d-1f44-4860-bfb2-01460a2a0137	627	518	17	401	203	828	272	449	381	410	[]
578658e3-5498-4c75-937d-01580a2a0137	332	887	548	644	412	888	212	429	177	61	[]
578689d3-08e0-4075-95d2-01580a2a0137	367	701	810	53	836	812	335	241	245	227	[]
5786cac8-1164-44bc-95d3-01920a2aceff	776	269	441	784	439	13	201	778	205	11	[]
5787882f-074c-4abb-8ccb-01580a2a0137	439	534	494	849	131	507	356	369	518	819	[]
5787e499-4344-4b90-8dac-01920a2aceff	232	118	247	418	637	599	340	837	758	846	[]
57880d84-1fc8-4272-8389-01590a2a0137	75	722	704	852	234	332	707	525	546	857	[]
5788e481-1de8-44b6-99b1-017b0a2a0137	488	484	458	684	225	437	162	542	324	690	[]
578c9080-b44c-48b9-adf1-002c0a2a6d31	201	583	596	223	785	137	56	729	187	784	[]
578ca6e4-a918-46cc-ac39-002d0a2a6d31	303	311	279	833	132	576	139	418	390	513	[]
578cc1c1-bcf4-4a44-9e1e-002d0a2ae60c	494	514	596	566	598	565	784	543	785	729	[]
578cc50a-01b4-4975-bcef-002d0a2a6d31	509	304	88	117	461	474	642	692	701	159	[]
578d1b9b-12b8-47f9-81a9-002c0a2a14b5	368	308	328	69	276	199	371	540	141	360	[]
578d3af4-83d4-4369-a391-002d0a2a14b5	401	518	17	203	424	828	553	581	546	491	[]
578e24dd-6300-4823-823b-002d0a2a14b5	75	188	722	707	340	611	771	556	108	729	[]
578e685d-181c-40a9-aac4-00320a2a6d31	227	490	281	431	349	793	812	803	146	301	[]
578eb3fd-67f8-4804-bab1-002d0a2a14b5	553	674	808	309	213	413	770	303	414	330	[]
578f40ff-a794-4e98-bb71-002d0a2a6d31	35	195	75	186	707	234	233	322	138	74	[]
57908c8c-5170-4cf3-9f19-002d0a2ab38f	75	211	234	852	704	233	144	186	74	722	[]
57936df4-6040-49cb-b1a0-002d0a2ab38f	449	88	259	644	651	12	416	302	432	685	[]
5796b46c-5d44-49b2-bce3-002d0a2ab38f	509	477	508	100	19	866	101	553	58	159	[]
5796c727-cb94-4051-8332-002d0a2ab38f	582	329	842	611	834	86	413	556	517	771	[]
57977044-2b18-4126-bb57-002f0a2aa404	348	271	578	278	573	355	149	303	228	279	[]
579782d4-f0b4-4117-8637-002d0a2aa404	510	507	626	603	369	220	856	747	819	607	[]
57978f6a-8864-4e5c-8e0e-002d0a2aa404	361	359	366	216	327	835	355	700	839	280	[]
57985ac0-af9c-4cf5-a751-002f0a2aa404	499	503	168	351	253	783	709	504	828	230	[]
579865e2-9c54-4f62-a785-002d0a2ab38f	583	343	828	853	706	665	93	298	625	129	[]
579868fa-d264-4958-af71-007d0a2aa404	624	873	592	7	627	54	403	325	152	333	[]
57997e4c-780c-43f2-803a-007d0a2aa404	631	183	435	654	150	268	100	483	581	159	[]
579a221e-76f8-408b-b7f3-00860a2aa404	507	547	776	518	56	534	603	336	46	607	[]
579a5a22-c1ec-4e53-8795-007d0a2aa404	669	271	452	698	54	45	486	876	882	123	[]
579ae66d-e760-44ca-bd8d-002d0a2ab38f	331	381	123	17	828	54	253	249	525	590	[]
579b0924-c6e0-44ff-bac7-007d0a2aa404	507	196	187	873	670	574	807	856	400	595	[]
579b2919-d868-484d-81f6-002d0a2ab38f	510	504	503	349	668	499	115	817	253	181	[]
579b32d7-d3c8-4887-a1ee-00860a2aa404	510	504	668	349	115	499	817	181	253	610	[]
579b3749-0388-4b83-895e-002d0a2ab38f	503	499	349	504	115	817	181	253	564	610	[]
579b91d1-a950-42fd-a7a1-007d0a2aa404	546	58	100	455	159	150	266	153	172	654	[]
579ccd5b-c220-406d-9bff-007d0a2aa404	526	741	195	883	341	24	416	461	337	663	[]
579f0640-9f28-4bcf-91ac-002d0a2ab38f	253	349	115	181	817	588	610	564	668	70	[]
579f683e-cd28-4775-8139-00840a2aa404	513	510	349	115	181	668	514	564	754	817	[]
57a060da-7e88-4a43-9922-00840a2aa404	512	494	596	566	514	565	598	518	784	729	[]
57a0c5a6-0738-422c-ac93-01290a2ab38f	396	413	700	72	507	748	438	136	280	366	[]
57a0d6e9-14dc-4e55-aacf-007d0a2aa404	187	196	351	400	828	804	230	387	436	709	[]
57a21151-e64c-4f17-a66c-00ef0a2aa404	243	203	274	363	161	204	388	718	624	627	[]
57a2e398-dba4-4bbc-80ba-00f10a2aa404	111	93	113	746	751	7	516	247	820	883	[]
57a325ac-0fcc-4219-a976-00860a2aa404	359	361	365	279	413	519	835	118	31	355	[519L, 31L]
57a34f14-844c-46d3-b43e-00860a2aa404	359	701	348	721	666	361	835	772	700	279	[]
57a47fba-27e0-46ba-ae8e-00f10a2aa404	186	35	525	75	234	415	33	707	722	852	[]
57aaddcc-fe50-4954-83cf-00ef0a2aa404	328	421	532	509	344	86	137	15	271	479	[]
57ac6bc5-9628-4dd5-9968-01640a2ab38f	101	465	546	385	691	100	183	470	88	52	[]
57ac932c-a6ac-43fb-b2ff-01380a2ab38f	82	571	548	527	360	731	166	652	47	701	[]
57acb2c8-d3fc-4bf0-b640-00ef0a2aa404	46	518	547	244	532	131	660	512	602	606	[]
57acb4fa-11d8-4e77-91ce-00ef0a2aa404	15	344	137	271	612	68	613	123	681	865	[]
57ad8e98-5194-48a9-b8c9-01640a2ab38f	82	612	424	498	210	229	94	75	410	283	[]
57adeb7d-56a4-424a-87c3-01380a2ab38f	417	574	807	248	137	738	850	7	486	152	[]
57b17397-64f4-4c36-81be-01380a2ab38f	530	518	547	201	359	606	602	131	660	512	[]
57b1b687-991c-4e91-8951-00ef0a2aa404	359	361	835	839	700	355	799	278	633	132	[]
57b1e0bf-5aa8-4132-8510-01f60a2ab38f	117	193	262	710	773	541	118	216	359	95	[]
57b32342-7168-420d-b871-01f60a2ab38f	528	460	766	116	458	522	579	464	273	451	[]
57b39eae-d75c-429a-a5c4-01aa0a2aa404	429	788	212	640	3	454	402	210	447	226	[]
57b3d1ce-7554-4f6e-883f-02140a2ab38f	280	700	748	349	72	279	136	365	354	112	[]
57b467cd-b1bc-475b-ab9e-01aa0a2aa404	320	197	525	749	442	827	82	138	338	165	[]
57b52b64-6000-41e0-bca2-02150a2ab38f	527	399	311	538	517	184	644	646	799	851	[]
57b56bd5-c218-4ce3-a208-02140a2ab38f	455	208	514	250	868	554	24	426	238	643	[]
57b5e158-4ae0-4cfa-be2c-02140a2ab38f	170	729	546	304	581	122	154	47	268	161	[]
57b64aa7-05ec-4cd6-a369-01ab0a2aa404	45	209	516	118	558	225	418	106	267	846	[]
57b6e28f-84b4-4293-b6a2-01aa0a2aa404	651	650	719	585	468	142	160	321	232	158	[]
57b7040f-cfb8-45d2-a983-01ab0a2aa404	376	271	741	685	430	372	737	730	149	476	[]
57b74e70-f5fc-4b12-9305-02670a2ab38f	359	529	362	792	795	802	360	791	793	813	[]
57bb086c-dafc-4949-8b1a-020f0a2aa404	139	257	677	515	432	36	513	664	133	487	[]
57bb15de-cd98-4fc6-bf46-01f60a2aa404	203	23	76	462	164	763	471	617	765	476	[]
57bb1789-6ec8-4703-8b0a-02670a2ab38f	159	268	437	150	48	34	100	631	183	153	[]
57bc18d4-c81c-4512-bec2-02670a2ab38f	518	176	349	197	115	87	817	181	613	668	[]
57bc71ef-02f0-405b-9e07-02200a2aa404	395	800	689	801	74	490	815	764	364	377	[]
57bc98ad-a7c0-46a0-a263-02660a2ab38f	123	873	592	54	7	152	441	876	14	857	[]
57bd4c46-6844-48a8-86ab-028c0a2ab38f	804	589	330	515	327	351	557	611	871	658	[]
57bd65b8-1f1c-4ddd-937b-02100a2aa404	516	176	187	196	797	795	87	798	721	808	[]
57bd8f58-2668-4f8e-8923-028c0a2ab38f	603	22	45	190	209	564	378	819	755	808	[]
57bdbf33-9da8-410d-94e1-02410a2aa404	333	308	328	69	276	278	701	787	360	876	[]
57be1a56-b1a0-40d8-a83d-028c0a2ab38f	520	372	730	505	164	471	23	238	865	643	[520L, 372L, 505L, 23L, 238L]
57bf0395-56cc-4d2f-8eb5-02450a2aa404	315	334	731	168	388	355	843	228	400	94	[]
57bf1ca9-c0c4-45f8-a8cd-026a0a2aa404	362	9	529	792	795	802	523	396	262	347	[]
57c09288-cec4-4a44-992f-02c70a2ab38f	78	77	61	844	425	71	847	328	161	269	[]
57c23b17-ea58-4fec-ba3c-02b10a2ab38f	489	353	666	538	439	603	312	711	712	356	[]
57c33c98-ae00-4f72-bc2e-02c70a2ab38f	332	859	560	233	39	680	402	518	724	562	[]
57c46160-7e00-470a-a9a2-02430a2aa404	539	641	497	338	631	888	509	527	632	831	[]
57c6edfb-c91c-4135-936a-002c0a2a1cf8	207	836	701	810	812	781	110	367	241	840	[]
57c6ffec-109c-440a-8f48-002c0a2a9eb3	164	339	520	580	524	238	865	256	274	199	[]
57c82dd6-32dc-434d-8386-00340a2a1cf8	303	278	889	523	132	316	835	833	799	9	[]
57c8368b-09bc-4343-898d-00340a2a1cf8	116	263	463	464	628	462	48	579	544	766	[]
57c84f17-ce80-4f64-8150-002e0a2a8d11	531	762	484	34	157	402	573	162	502	178	[]
57c90519-c170-443d-97af-002e0a2a8d11	147	528	29	121	554	562	19	725	4	539	[]
57c90521-007c-42dc-86bb-005d0a2a9eb3	147	528	29	121	554	562	19	725	4	539	[]
57cd8024-831c-4620-abe7-003e0a2a8d11	274	578	580	442	138	82	331	338	585	495	[]
57ce72d1-8de4-4aa1-a4fb-003e0a2a8d11	578	441	82	571	360	731	551	166	161	701	[]
57ced248-21c8-4a02-88b4-00660a2a9eb3	866	286	167	274	725	526	577	621	502	752	[]
57cf1aaf-5e9c-4ea0-ae8e-00320a2a135f	574	738	248	137	807	152	850	7	486	312	[]
57cf4baa-a0b4-4222-809e-00300a2a7972	351	792	795	802	759	791	813	633	95	364	[]
57d1291f-be4c-4b67-b84e-00300a2a7972	537	719	100	619	286	870	58	59	821	673	[]
57d18b1d-31f0-442e-a61a-00550a2a7972	18	333	859	173	44	402	592	122	325	20	[]
57d19525-671c-4a43-8215-00550a2a7972	530	179	278	161	473	815	217	820	74	832	[]
57d245a0-f9bc-48a9-adf2-00320a2a135f	361	700	72	748	136	688	134	216	366	359	[]
57d27654-5d2c-4e16-83f1-00510a2a135f	229	410	255	392	325	627	622	231	624	31	[]
57d27eb0-d778-4b43-946e-00510a2a135f	262	773	118	359	541	710	216	175	95	557	[]
57d375be-392c-451f-af83-00300a2a7972	628	266	458	48	581	217	263	100	208	238	[]
57d656a0-c720-4bce-8965-00300a2a7972	517	146	688	523	394	740	513	252	490	754	[]
57d6b7ff-31cc-4b31-8acf-00300a2a7972	423	122	823	579	544	101	521	457	788	58	[]
57d97d4a-23b8-4148-a0a5-004a0a2ae3a6	254	544	554	35	823	283	707	38	528	322	[35L]
57da61af-13c4-449d-b20c-002d0a2a9952	395	800	689	801	74	490	364	815	764	377	[]
57daa7ca-8c3c-4bed-9359-00610a2a9952	546	581	722	414	553	260	424	385	545	172	[]
57dbf8a2-fd40-401c-9ee7-00680a2ae3a6	355	541	396	811	335	794	877	814	633	557	[]
57dc33c1-c954-4a09-9d40-00610a2a9952	401	278	889	272	523	433	826	112	820	473	[]
57dc3797-25c4-486c-bb18-005a0a2a9952	401	523	278	112	354	433	334	272	889	146	[]
57dd07b2-2064-46a5-b330-00670a2ae3a6	2	3	4	5	6	7	8	9	17	18	[]
57dd21fc-9d98-40ef-8007-00610a2a9952	186	525	74	562	687	852	248	298	704	633	[]
57dfeed0-bd1c-4e0c-af2c-002c0a2af321	533	386	757	117	388	617	491	419	551	95	[]
57e0e973-7e44-43b8-822c-002d0a2abcf8	509	413	316	684	770	119	27	113	247	188	[]
57e135e1-4334-4b1e-b153-002c0a2a1238	178	82	542	34	496	548	36	652	283	149	[178L, 542L, 34L]
57e13e03-17cc-4be2-b9ec-002d0a2a1238	186	74	852	687	633	562	248	490	298	592	[]
57e213aa-5500-42eb-99c6-002d0a2a1238	9	666	785	596	633	529	262	811	599	777	[596L, 599L]
57e37ced-9e74-4fb8-8a56-00520a2abcf8	888	509	831	631	632	28	869	159	41	2	[]
57e3d27f-c028-498f-a41b-00530a2a1238	157	286	502	167	526	624	634	630	719	98	[157L, 286L, 502L, 167L]
57e3d9d8-2d34-4a28-93b0-00920a2a1238	488	776	56	534	605	518	46	387	482	784	[]
57e4d0bc-8ecc-43a7-a869-00500a2abcf8	552	657	325	866	634	383	733	167	208	726	[]
57e4d9c9-e0fc-4767-8ddf-00450a2a1238	517	740	688	513	146	252	14	889	754	13	[]
57e4da08-5b3c-4880-a385-00500a2abcf8	688	740	146	589	513	252	889	181	350	754	[]
57e4da42-2494-44f4-a781-00920a2a1238	517	740	688	513	146	252	14	889	754	13	[]
57e5254e-80c8-479b-979f-00530a2a1238	403	846	848	519	837	828	365	584	551	231	[403L, 584L]
57e585a4-8f94-4840-9f72-00530a2a1238	828	93	706	853	665	287	625	298	519	582	[]
57e90041-26b8-47dd-85c9-00520a2abcf8	615	526	110	624	204	24	539	59	171	481	[526L, 110L]
57e92828-5470-476b-b1aa-00500a2abcf8	635	368	61	634	328	69	276	141	157	199	[]
57e93e49-60b4-4a1a-a54f-002d0a2abcf8	69	746	13	71	425	314	436	844	561	78	[69L]
57ea348a-20b4-4c5d-ad3e-00500a2abcf8	519	359	625	523	279	361	348	835	118	839	[519L, 625L, 523L]
57ea745a-0f0c-4b67-a251-002d0a2abcf8	112	243	278	568	625	267	848	177	680	204	[112L, 243L, 278L]
57ea95e3-5d44-4330-81df-00500a2abcf8	504	516	253	503	783	510	168	807	365	499	[504L, 516L, 253L, 503L, 510L, 168L]
57eaf7e4-2740-46d0-be25-00500a2abcf8	503	221	783	597	440	173	131	709	499	594	[503L]
57ebe981-76d0-41ce-819b-015d0a2a1238	401	278	272	826	433	112	820	227	473	845	[]
57ebeacd-d9f0-4321-9277-015c0a2a1238	702	136	564	610	106	748	134	812	755	815	[]
57ebeb1c-8db4-40ad-8cd0-00520a2abcf8	366	359	134	279	239	132	309	770	771	839	[366L, 359L, 279L]
57ec080b-9458-4a79-be44-01770a2abcf8	705	414	545	546	161	66	284	231	424	683	[414L, 161L]
57ec626a-41f0-42f6-925f-00520a2abcf8	489	603	569	215	599	538	547	312	849	131	[]
57ec991d-eb2c-4df0-8b82-015c0a2a1238	779	777	9	529	811	347	262	785	698	861	[]
57eca6f4-e6e4-4ef6-8139-01750a2abcf8	136	396	658	688	773	813	811	610	181	715	[136L]
57eccc59-2720-4697-a41f-00920a2a1238	854	720	181	349	817	115	610	588	364	564	[]
57ecefb6-473c-4e01-afa7-00920a2a1238	669	353	71	417	218	314	876	864	205	56	[]
57ed008d-e1f4-4531-9c5e-01770a2abcf8	796	650	519	604	773	558	118	352	836	336	[]
57ed099e-0458-44fc-ba7d-00920a2a1238	494	439	534	834	728	267	819	312	565	833	[494L]
57ed296e-50d4-46d0-97c4-015d0a2a1238	598	390	770	134	87	132	771	239	309	808	[]
57ed47b7-9ffc-4ceb-9512-00920a2a1238	586	196	187	603	755	514	230	223	534	747	[]
57edec76-1c0c-4876-ade9-01770a2abcf8	610	396	658	773	417	688	646	623	181	303	[]
57ee280d-f348-46e0-bad4-00520a2abcf8	77	374	161	192	78	762	61	269	443	311	[77L]
57ee6deb-9478-45c4-a382-00520a2abcf8	324	434	160	121	483	426	637	202	402	373	[324L]
57eef224-3b38-49a0-ba2d-020c0a2abcf8	466	116	632	493	48	442	631	485	338	250	[466L, 632L, 493L, 631L, 485L]
57f163a2-3c3c-48a9-82cc-01fe0a2a1238	719	331	527	492	821	537	82	870	458	142	[]
57f26fa0-ea94-44f1-94f5-020c0a2abcf8	394	553	86	304	27	532	257	139	509	233	[394L, 553L, 304L]
57f2726d-8300-4871-8b13-020d0a2abcf8	477	631	634	435	632	338	167	61	383	208	[631L, 435L, 632L]
57f27301-ad34-42a1-999a-020c0a2abcf8	368	141	371	430	860	399	495	649	789	271	[]
57f2b1ef-eacc-4818-b78a-021b0a2a1238	814	559	589	377	557	136	658	242	796	431	[]
57f2b397-f6b0-456e-9156-02280a2abcf8	757	76	117	549	165	822	742	47	867	163	[]
57f2ecd0-c758-477e-81fd-020d0a2abcf8	583	177	680	514	850	864	519	381	613	115	[]
57f349bf-9740-4f13-a7c5-02280a2abcf8	123	639	713	427	308	319	16	333	68	332	[123L]
57f3fe25-34f4-452c-a002-02280a2abcf8	271	102	180	348	147	685	741	573	726	630	[102L, 180L, 348L, 147L]
57f40b30-12e8-427c-a8ec-021b0a2a1238	62	527	647	212	12	270	619	368	261	451	[]
57f4cf63-0c5c-4869-87a4-020d0a2abcf8	281	71	201	246	439	131	851	728	518	850	[]
57f5875e-26a8-44e8-8dbd-02810a2a1238	812	810	207	682	367	140	227	836	838	326	[207L]
57f5f0bc-d630-4fb6-91c8-020d0a2abcf8	739	445	386	542	580	245	456	750	48	174	[]
57f751d6-2eec-4d5e-a04d-02e40a2abcf8	488	776	56	482	534	336	518	46	387	784	[]
57f75d68-e0cc-498d-85ef-02e20a2abcf8	373	684	479	202	542	587	76	204	622	274	[]
57f79f51-01b8-4559-9e35-02e20a2abcf8	83	461	206	179	88	337	195	101	304	58	[83L, 206L, 179L, 337L, 195L]
57f7a0bf-d068-4ca6-bb07-02e60a2a1238	674	777	403	711	356	218	382	54	351	14	[]
57f7c163-4638-4e8b-bc44-02e60a2a1238	700	72	136	748	280	688	216	633	796	658	[633L, 658L]
57f7d976-1c44-4d0f-a5ae-02e40a2abcf8	679	448	536	676	768	62	451	270	402	621	[]
57f7de8c-20d8-42b4-9185-02e60a2a1238	157	286	502	526	624	719	630	634	550	577	[]
57f7e69d-eb9c-4c44-acd8-02e30a2abcf8	533	467	757	117	200	454	245	76	116	263	[467L]
57fa3a0b-a9e8-4afd-8870-03420a2abcf8	278	889	523	161	355	311	272	433	203	348	[]
57fba5b0-977c-460f-b972-03600a2abcf8	532	86	132	740	541	579	720	658	126	135	[]
57fd47c6-c724-42e3-9988-03520a2a1238	507	543	569	547	599	131	115	602	603	146	[507L, 543L, 115L, 146L]
57fe1f84-ef00-4b5f-8789-02e40a2abcf8	375	197	66	446	474	661	461	473	424	7	[]
57fe3fb4-54e0-42ea-9669-02ed0a2a1238	486	626	220	396	603	747	856	507	607	819	[486L]
57fe40bc-38fc-491e-90ab-03600a2abcf8	510	626	220	507	603	486	396	607	856	519	[]
57fe55ad-ec14-4474-9197-03600a2abcf8	533	757	117	76	426	477	66	263	462	653	[]
57ff91c7-886c-42b8-a10f-03520a2a1238	400	642	94	109	392	555	283	410	836	168	[]
580044d9-7f28-47fd-8980-03510a2a1238	579	464	552	116	766	495	158	628	313	150	[]
58007479-7df0-4862-a744-03b90a2a1238	494	565	514	566	596	729	598	574	784	785	[]
5800aca3-12dc-4c48-8ba1-03520a2a1238	401	838	836	843	841	845	228	781	400	334	[401L]
5800b7d9-a650-44c2-b146-03520a2a1238	370	507	716	184	620	13	112	570	786	307	[370L]
580278e6-01e0-4067-b2b0-03600a2abcf8	400	642	555	94	392	109	283	622	410	168	[400L, 642L, 555L, 622L]
580386c5-c398-4a2a-8d9c-03510a2a1238	206	648	790	337	98	121	619	442	167	587	[648L]
5803d3e5-547c-41bf-a832-03420a2abcf8	632	631	619	540	464	59	628	178	386	822	[632L, 464L, 178L]
58048b4d-025c-4464-869f-03420a2abcf8	359	361	835	303	132	348	355	839	700	799	[359L, 303L]
580499dd-98fc-4f26-9d25-03510a2a1238	70	700	72	359	748	134	136	688	216	126	[70L]
5804d962-de5c-47d2-afa1-03520a2a1238	362	351	9	792	795	802	759	262	644	791	[]
5805559b-76ec-4117-82c1-03420a2abcf8	269	346	205	287	13	314	794	620	252	872	[]
5805ddc9-abcc-4050-9121-03600a2abcf8	337	383	790	98	159	116	442	400	460	648	[]
58065b95-6844-41c1-8578-002d0a2acf97	132	390	366	413	303	367	770	327	359	633	[132L, 390L, 366L, 413L, 303L, 367L, 327L, 359L, 633L]
5806e28e-11b8-4beb-bcf8-002d0a2acf97	271	368	685	741	199	77	179	544	684	823	[368L, 199L, 77L]
580772cf-f614-4035-8cf0-002d0a2a6d99	713	731	787	549	166	716	701	578	161	628	[]
58077c01-d698-48b8-97c3-002d0a2a6d99	205	717	626	220	507	603	856	396	607	747	[]
58079952-081c-4f3b-a540-00410a2a6d99	652	341	234	424	226	612	622	548	381	707	[]
5807c6dc-e72c-4c1a-971a-002d0a2a6d99	315	731	438	656	841	642	762	839	366	334	[315L, 438L, 656L]
5808bd66-3cac-4247-8ed9-00410a2afefd	623	339	580	617	116	520	102	256	544	823	[]
5808e832-9dac-4803-85a3-002d0a2a6d99	665	518	660	512	625	677	568	606	711	670	[518L]
5809136c-c850-48b3-b987-002d0a2afefd	311	546	424	744	66	20	642	713	656	52	[]
580a20c0-b468-4ca7-b115-00400a2a6d99	486	626	220	396	603	747	507	607	856	819	[486L]
580a5d17-9b60-4263-a8f5-00410a2a6d99	677	887	644	624	548	177	888	429	212	99	[]
580a6861-7474-45ba-89b9-002d0a2afefd	319	123	68	427	31	492	332	374	864	578	[319L]
580d6126-c048-4449-b263-00410a2a6d99	507	370	517	716	184	112	280	600	354	620	[517L]
580d8df2-ea2c-4a5e-8457-002d0a2a6d99	387	357	674	507	709	230	369	607	218	838	[387L]
580d9fe1-496c-4133-8e52-00410a2afefd	517	716	507	370	184	620	13	786	112	513	[]
580db532-f1bc-4c00-9c98-00410a2a6d99	717	46	56	78	482	576	776	488	673	784	[]
580f324f-a614-4743-81e6-00e70a2afefd	279	714	359	355	327	278	348	357	504	832	[]
580f3685-62c8-4ff8-a549-00420a2afefd	281	287	876	44	189	468	246	252	128	754	[]
581127f1-87cc-44f9-9900-00420a2afefd	269	860	399	17	271	331	853	328	344	333	[269L]
5811db97-8b98-4f6c-ac61-00e70a2afefd	516	808	390	417	503	330	499	86	768	504	[]
58132bd9-7ecc-4c25-8529-002d0a2aed5e	622	286	866	624	502	157	325	526	617	333	[]
5813393e-c55c-4034-8bfe-00410a2aed5e	630	686	823	544	528	103	693	110	41	172	[630L]
58138ddd-920c-47bc-b7ef-002c0a2ae5ef	141	268	739	368	243	161	767	261	273	480	[]
58170834-7fcc-43a0-8a9c-002d0a2aed5e	633	688	126	351	715	491	285	366	795	759	[633L, 688L, 126L, 491L, 366L]
5817194e-79ec-427e-8834-002d0a2ae5ef	56	776	680	538	518	534	673	666	784	336	[]
58172cd8-72ec-4a55-b63c-00640a2aed5e	185	646	399	78	271	543	15	858	368	77	[]
5817321f-0710-4ea3-bfea-00730a2ae5ef	185	271	399	646	78	543	858	368	15	184	[185L]
581737b0-32cc-45e6-be83-00730a2ae5ef	185	399	646	271	78	543	858	143	626	703	[]
5817acf0-ddc4-4347-88eb-002d0a2aed5e	331	399	18	271	860	184	17	249	123	248	[331L]
58186daf-72b0-4b6a-b30f-00640a2aed5e	298	706	853	123	271	69	185	646	77	252	[646L]
58188a3f-01ec-4fa8-b927-002c0a2ae5ef	185	646	298	853	123	371	678	399	543	314	[185L, 646L]
5818acad-5d98-46c4-9479-002d0a2aed5e	185	399	646	78	271	543	15	858	368	753	[]
5818cd42-73a0-467d-89e9-002d0a2aed5e	387	626	396	220	607	603	819	507	747	645	[]
5819b222-f5a8-4f2d-a3ab-002d0a2ae5ef	368	681	308	276	331	269	860	328	137	344	[368L, 681L, 276L]
5819c698-6db4-45db-afe4-00410a2aed5e	593	774	603	659	847	816	673	180	224	429	[]
581a3dbe-c054-4a27-be3c-00730a2ae5ef	394	259	873	139	220	421	815	225	120	19	[]
581b40fb-d1c8-4865-9e51-002c0a2ae5ef	383	544	823	19	116	821	157	831	664	460	[383L, 460L]
581b5641-b1e8-4412-a986-002c0a2a6842	600	601	758	594	603	567	131	543	569	547	[600L, 601L, 594L]
581c5417-1ef8-49f6-91e2-00410a2aed5e	579	692	552	461	154	101	88	304	104	58	[552L, 154L]
581fb9a5-9d48-4a2d-bb1a-003a0a2a6842	67	369	785	861	251	421	876	118	593	597	[67L, 369L]
58204100-bc14-45ce-acde-003a0a2a6842	503	221	597	855	120	440	246	515	538	436	[503L]
5820fe43-ec18-4f15-af3b-00370a2a2cc3	116	628	48	544	766	195	823	495	457	261	[]
582192ea-9e80-491b-b5f0-00370a2a2cc3	365	382	828	486	568	230	709	504	680	562	[365L]
5821dbec-bdf0-41ab-aa87-00ed0a2a6842	707	223	499	413	611	504	556	605	574	807	[]
5821ff90-bb5c-4e89-b340-00ed0a2a6842	682	229	674	705	400	188	546	414	231	683	[682L, 674L, 705L, 400L]
58246bd1-5a44-4567-9247-00570a2a090a	657	526	57	726	810	624	286	812	634	96	[657L]
58248dbf-69a0-438c-9e3b-002c0a2adcc4	673	776	784	56	518	534	336	46	851	387	[]
58249192-7d94-48cd-8757-002c0a2a090a	285	551	386	217	544	811	573	161	278	530	[]
5824d353-239c-4318-8827-00570a2a090a	673	662	56	864	784	221	708	128	71	785	[673L, 662L]
58253dce-61f0-48f6-a382-007d0a2a090a	271	511	399	662	185	18	184	646	44	860	[]
5825e728-5b58-47a4-98a8-002c0a2ae944	116	32	153	886	868	41	749	174	826	6	[]
5825f911-d180-4052-b59a-002c0a2a81a1	50	226	443	210	674	840	204	51	744	481	[]
5825f96c-b134-4324-a315-002d0a2a81a1	205	673	666	44	353	130	864	496	561	237	[]
58299cd1-ba30-4e4d-81b6-002d0a2a81a1	725	866	442	752	99	577	630	286	61	719	[725L, 442L, 752L]
5829a4b7-a2c4-459f-95e7-00550a2ae944	116	628	48	823	544	579	457	495	766	195	[]
5829b833-11c4-4e4d-b800-002c0a2a81a1	873	382	708	592	7	876	54	14	152	574	[]
5829d657-1f60-4685-b5d6-002d0a2a81a1	843	334	695	168	400	781	586	444	684	845	[334L, 168L, 400L]
582ac7b6-4940-4b88-bd4d-002c0a2a81a1	123	68	427	492	31	374	332	864	391	71	[123L]
582aea26-9078-4a4c-b56b-002d0a2a81a1	319	123	68	427	374	391	31	492	332	864	[]
582c3a63-9398-48b7-bff4-00b10a2a81a1	674	191	367	168	229	122	556	611	626	237	[]
582c7196-8b40-415d-863e-00550a2ae944	674	636	229	219	202	684	324	546	682	723	[674L]
582c7ca5-5d84-4d6b-beee-002d0a2a81a1	536	75	761	186	676	635	448	707	233	736	[]
582dbcfd-de40-4c9a-b2d1-00b20a2a81a1	566	596	565	187	574	514	510	861	784	412	[510L]
582dbde4-fb4c-4dee-b020-00b10a2a81a1	783	499	245	757	263	117	503	533	253	504	[]
582e5e95-0ea0-4b28-87c3-002d0a2a81a1	724	673	518	613	855	706	340	711	851	71	[724L, 673L, 518L, 613L, 340L]
582f3a11-f064-4aa9-b585-002c0a2a31f1	589	628	266	458	588	48	217	581	720	263	[589L, 588L, 720L]
58316c39-b0a4-4afe-9dc9-00460a2a31f1	673	56	662	864	784	221	71	776	514	412	[673L]
5835a540-b0c4-46a0-9a48-00460a2a31f1	782	606	566	131	598	680	596	601	600	594	[680L]
5837def0-deec-4f91-809e-01040a2a31f1	583	708	221	851	436	56	356	828	343	93	[]
583987d4-f8f4-46e9-b1e7-00470a2a31f1	766	461	101	83	88	822	104	304	100	159	[83L]
583c2664-b03c-4ed9-afb8-01040a2a31f1	208	250	554	308	178	509	643	540	831	334	[]
583c288f-d2ec-465b-b192-00c60a2a31f1	735	423	630	268	587	437	679	122	867	100	[735L]
583c295a-dbd0-415a-a2be-010e0a2a839b	737	824	675	151	254	51	645	11	888	225	[]
583c3679-0a58-4baa-851c-00c60a2a31f1	634	790	98	681	337	383	442	456	96	77	[634L]
583c56b1-465c-45ef-b108-00c60a2a31f1	776	534	56	518	387	140	46	851	810	141	[]
583e3439-c1dc-49bc-91b9-01bb0a2a839b	63	686	116	753	443	41	585	38	528	630	[753L, 528L]
583e9315-8584-4ff4-92c2-01bc0a2a839b	771	314	221	417	225	420	785	746	251	71	[]
583ee66e-5fd8-4284-a50f-01d90a2a31f1	870	143	26	703	345	719	40	273	2	142	[]
5843ef62-97e4-4226-a07c-01d90a2a31f1	2	3	4	5	6	7	8	9	17	18	[]
5844fde1-b3a4-4c90-ad03-01e40a2a839b	184	180	185	271	399	331	646	18	860	249	[184L, 180L, 185L, 271L, 331L, 646L]
5845a26f-1ed4-4094-924a-01d90a2a31f1	82	442	165	338	138	827	166	116	840	48	[]
5845a5f4-9c1c-4e79-9610-02170a2a839b	428	151	429	738	226	437	51	381	50	622	[428L, 429L, 738L]
58469ffb-745c-41e8-b95d-024d0a2a839b	784	546	831	852	233	545	154	687	655	63	[]
5846bf1a-e2d8-4d7e-8a27-024d0a2a839b	376	643	199	141	496	430	102	5	254	737	[376L, 643L]
5846d799-f004-4540-92a6-01e40a2a839b	758	783	667	507	489	709	176	131	547	115	[]
5847eaf5-9544-4548-bef2-02b50a2a31f1	87	176	667	489	115	336	808	709	349	507	[]
5848983c-4628-45f0-b533-02170a2a839b	888	675	719	630	585	887	736	685	664	824	[]
584944f7-68cc-47e2-a2c7-02140a2a31f1	772	142	377	186	806	771	389	74	832	529	[]
5849b38c-7a70-4995-98ff-02140a2a31f1	301	112	794	796	354	889	570	213	13	228	[]
5849dffa-2234-449f-b3f9-02140a2a31f1	795	589	349	889	181	557	871	799	801	344	[]
584aacf1-7724-4c2b-a004-02b50a2a31f1	413	770	626	309	807	257	818	113	781	794	[413L]
584db85f-3d78-4c0b-96fa-024d0a2a839b	716	349	801	795	87	176	115	773	799	797	[716L, 87L]
584e63b7-c5d4-490d-968c-02140a2a31f1	801	176	351	230	387	709	277	22	349	115	[]
584f05db-9a68-44c0-9da1-02b10a2a839b	680	625	113	118	220	660	512	251	67	850	[]
58502976-71d0-4abb-8e89-039e0a2a31f1	332	221	686	420	708	659	860	298	850	436	[]
58513544-68b0-40f5-9e62-03920a2a839b	179	209	67	22	45	17	611	242	412	556	[]
5851417c-f9c8-4082-bfed-03900a2a839b	83	537	719	824	105	585	313	343	139	769	[]
58517961-e704-45fe-a4db-03920a2a839b	220	179	209	67	611	556	45	17	22	412	[]
58518963-b814-4df9-a49d-03900a2a839b	93	113	393	45	7	650	2	3	4	5	[]
58518ce2-1ba8-43a3-9c0f-03900a2a839b	518	859	724	17	203	402	828	625	519	340	[724L]
58523026-0704-4ce0-bf99-03ae0a2a31f1	328	199	68	789	860	333	762	399	331	271	[789L, 762L]
5852a568-5f48-4b4b-bf26-039f0a2a839b	116	766	826	41	544	827	579	823	48	462	[]
5852ac57-9c6c-4eeb-a2cc-03920a2a839b	700	72	748	134	136	126	216	688	280	803	[]
5852bdb4-b2b0-4d6e-935f-03d40a2a839b	754	625	209	179	67	519	17	251	118	412	[754L]
5853048f-14e8-4522-b046-039f0a2a839b	131	758	606	567	849	112	569	523	190	566	[]
5853f36e-09a8-4945-a050-039f0a2a839b	345	116	616	425	628	48	544	823	261	579	[]
5853fa3a-1980-4c44-a476-039f0a2a839b	801	349	795	773	176	589	115	889	181	351	[]
58541585-fc40-4525-95dd-04190a2a31f1	849	784	538	776	673	851	864	56	603	190	[]
58542666-a888-42d0-9de8-04050a2a31f1	587	887	644	888	548	177	429	874	172	640	[]
5854391a-286c-498e-90d0-03920a2a839b	184	271	646	399	185	346	83	511	644	180	[184L, 271L, 646L]
5854421a-2414-4f18-a3f1-03920a2a839b	828	887	644	548	888	627	587	177	429	212	[]
58544f58-9104-42ad-9061-04190a2a31f1	478	301	112	794	796	354	889	570	213	13	[478L]
58572b3f-6f44-4169-8128-04190a2a31f1	518	783	221	665	596	746	708	561	422	314	[]
585777e1-42dc-4990-9d71-044e0a2a31f1	832	839	352	698	794	633	700	108	814	607	[]
5858e074-7eb8-46d8-887b-04050a2a31f1	662	816	314	221	420	596	225	173	856	746	[662L, 816L]
5858e941-f188-4fef-a38e-044e0a2a31f1	238	730	376	339	520	643	471	180	372	737	[238L, 730L, 376L, 339L, 520L, 643L, 471L, 180L, 372L, 737L]
585a405e-3390-4fae-b6db-04440a2a839b	509	234	118	418	553	321	846	12	837	247	[509L]
585aa614-4548-4945-b9da-04c40a2a31f1	528	435	48	544	823	739	632	761	156	116	[528L, 435L, 632L, 761L]
585b0f1b-28e0-42fd-b6b1-04c40a2a31f1	365	701	326	207	668	253	510	227	712	710	[365L, 701L, 326L, 207L]
585bbdac-53c0-48b6-bd9e-04c40a2a31f1	569	131	758	602	594	595	567	599	547	566	[569L, 758L, 594L, 595L]
585d19da-7eb4-45d0-a04d-04c40a2a31f1	110	162	122	483	470	268	631	183	691	426	[]
5862446f-a2fc-42fb-88a9-04fc0a2a839b	345	462	383	172	471	116	423	766	149	48	[]
58629036-e528-41dd-a1cd-04fa0a2a31f1	538	87	728	534	849	176	819	362	871	745	[538L, 87L, 176L]
5868f3ae-b420-4c0f-99ad-04fa0a2a31f1	353	714	439	728	494	656	534	87	518	819	[]
586d2dfb-ece8-40a0-bbe2-05400a2a31f1	601	131	599	596	602	566	606	543	603	567	[601L, 599L, 596L]
586e57b1-5f58-4d3f-82ff-05070a2a839b	819	131	603	566	606	567	602	569	543	849	[]
586eb71d-d440-46fd-9c17-05360a2a31f1	87	819	538	176	603	190	312	712	849	349	[87L, 819L, 176L, 603L]
586f77a9-64c0-41d8-b2b9-05320a2a839b	509	304	88	117	461	474	642	692	701	159	[]
586f8af8-8da0-4896-9ab8-05140a2a31f1	618	319	752	427	31	562	123	286	331	17	[319L]
586fdbd1-a250-420a-8b3d-002d0a2ac68a	873	7	592	54	152	876	14	441	574	857	[]
587285db-8458-45d5-acd1-00390a2ac68a	268	435	880	100	751	183	5	587	437	6	[]
58735ebe-fb44-4f57-997a-002d0a2ac68a	819	849	489	190	215	603	851	538	547	131	[]
5874e784-c5a8-40d4-aa9c-004e0a2a6136	587	116	322	174	138	480	456	505	823	821	[]
5875faf9-7ba8-4be9-995a-00770a2ac68a	849	489	851	190	215	538	547	603	602	131	[]
5876357e-50a8-4584-bdbd-00860a2ac68a	849	489	851	190	215	538	547	603	602	131	[]
5877557e-bbac-4e3f-944a-00810a2a6136	147	865	102	199	96	83	685	430	462	372	[147L, 865L, 430L]
58775f13-5944-46d8-9ec7-00bd0a2a6136	399	185	646	184	346	180	858	730	543	644	[]
587788f1-a39c-473f-8294-008a0a2a6136	753	826	121	116	261	338	63	823	138	165	[753L]
5877e33e-21f8-472f-be30-00b70a2ac68a	865	643	96	102	199	147	756	83	685	372	[643L, 756L]
58788ee8-bd40-4c20-992f-008a0a2a6136	545	713	723	197	683	424	27	840	674	414	[545L, 713L, 723L, 197L, 683L]
5878982f-92f8-4803-8c4a-008a0a2a6136	185	116	32	153	886	868	41	749	174	6	[]
5878c1c5-fe60-4018-9a89-00810a2a6136	847	844	538	9	489	205	190	482	336	314	[]
5878f2d1-a1a8-4155-b583-00320a2a9d99	879	881	2	3	4	5	6	7	8	9	[]
5879fa50-eecc-4812-8892-002f0a2a2cca	168	807	701	810	836	781	812	110	794	382	[]
