2	13	228	117	74	813	40	41	642	135	37
3	401	559	203	465	863	632	512	692	41	271
4	816	851	750	844	70	850	748	28	203	185
5	6	195	71	674	369	360	28	363	339	185
6	5	674	195	360	28	71	369	185	339	257
7	256	432	340	517	581	778	298	61	21	18
8	516	160	36	34	460	843	232	197	859	21
9	881	617	166	163	790	321	172	534	652	108
17	173	7	102	778	524	145	29	546	397	787
18	886	638	610	504	675	748	569	236	594	159
19	477	663	499	750	532	425	492	375	203	218
20	814	15	102	137	400	56	28	417	58	332
21	228	683	2	30	775	877	117	41	97	166
224	205	694	844	679	378	256	763	771	632	742
298	814	432	113	677	348	11	340	886	77	102
302	119	794	867	226	506	94	511	621	33	554
11	19	362	169	721	34	634	647	410	229	192
12	700	27	42	7	144	41	321	37	203	28
13	17	34	48	837	169	229	20	262	63	280
14	837	19	52	95	695	546	604	280	238	274
15	838	516	582	7	8	778	160	867	23	655
16	238	725	554	865	729	34	92	160	862	456
26	706	778	2	27	546	237	877	368	298	816
40	700	15	28	37	42	144	41	66	203	18
123	366	246	524	298	733	168	595	433	173	368
202	595	368	298	397	366	22	348	121	211	350
203	179	131	792	184	368	552	133	690	432	102
319	145	836	770	433	366	397	312	184	837	610
491	720	741	668	568	817	177	88	887	672	495
528	326	505	388	377	268	531	378	11	653	750
548	481	728	459	506	673	877	102	226	29	547
578	503	749	589	55	481	365	794	531	102	11
633	694	845	572	553	881	767	829	693	682	847
658	514	542	621	620	599	495	864	253	313	573
700	827	881	628	668	542	847	708	541	573	744
828	789	732	734	730	647	736	865	645	661	432
25	184	683	216	248	465	491	526	347	100	635
27	626	248	593	370	155	750	43	402	623	347
28	248	530	16	140	750	792	398	43	223	491
32	107	16	347	55	870	683	867	58	94	57
33	66	633	43	28	683	400	700	144	747	55
34	115	327	70	356	705	475	731	882	585	54
35	227	249	199	747	548	149	530	499	787	869
36	101	110	47	247	792	820	164	615	256	581
37	27	28	144	15	747	66	203	37	18	42
38	750	630	38	841	552	314	315	131	76	747
39	814	186	159	114	786	661	515	432	551	111
41	37	66	700	6	5	185	71	15	203	27
42	414	579	792	784	231	61	155	546	786	823
43	119	328	606	722	490	181	196	683	492	57
60	37	341	135	750	15	193	2	56	171	203
61	596	375	259	857	748	334	353	675	849	392
62	493	193	653	850	266	37	749	5	71	195
63	43	850	319	788	400	869	750	700	748	28
64	700	28	55	66	750	870	548	27	37	42
66	597	500	258	161	753	563	555	548	123	314
73	582	198	838	491	576	216	44	701	594	723
74	9	166	617	534	91	317	708	763	18	767
75	747	530	93	149	148	579	845	552	508	400
104	154	147	56	220	28	750	749	850	555	863
138	249	633	392	499	149	142	703	201	331	750
144	536	199	633	202	139	137	392	227	249	750
155	199	747	137	134	107	750	870	139	191	59
156	121	128	718	199	90	107	705	58	869	507
168	527	590	659	60	248	750	143	860	130	506
174	137	747	633	139	58	869	750	530	700	59
206	439	438	187	181	644	823	845	16	202	57
232	256	559	632	584	562	560	113	836	166	656
233	781	861	458	86	82	687	750	835	391	565
320	419	110	658	750	536	449	809	637	530	787
321	635	202	634	123	26	508	742	805	352	572
322	227	633	331	55	392	499	201	703	750	530
22	770	679	762	661	35	511	130	616	858	761
23	700	27	28	37	400	74	823	857	203	66
24	421	282	202	701	528	867	140	181	530	107
29	478	117	42	28	700	3	559	37	632	671
30	757	138	816	750	43	768	207	11	845	726
31	216	838	320	44	582	184	526	251	371	26
96	188	320	465	819	64	459	816	216	23	421
97	55	747	223	402	867	43	227	400	107	683
98	46	605	67	320	701	722	819	714	76	849
106	158	679	628	167	233	573	617	275	534	166
108	253	101	132	167	554	621	164	741	313	456
115	48	590	192	310	52	229	413	554	280	167
182	569	718	481	676	330	213	250	489	341	397
44	19	17	516	8	48	224	142	192	721	169
45	511	473	616	458	14	8	706	628	727	762
46	162	502	609	664	622	550	836	8	591	381
187	313	109	225	546	456	554	253	192	621	433
188	656	679	256	742	628	762	322	774	130	90
189	877	142	876	673	226	778	335	616	522	506
195	747	119	58	347	528	90	59	750	97	142
196	92	379	546	143	433	8	871	373	52	551
198	59	128	718	236	256	691	90	433	173	683
220	511	473	101	113	132	856	186	141	592	146
308	825	840	122	254	526	559	512	593	23	478
314	836	284	814	546	559	581	217	61	558	113
343	823	779	778	40	556	558	786	859	7	877
414	500	753	501	258	110	508	151	888	750	485
418	765	727	99	621	446	821	126	241	317	796
420	278	423	301	431	186	651	833	806	488	162
422	313	581	7	270	549	278	286	878	113	443
47	28	66	15	700	27	41	203	750	74	42
48	200	76	315	723	841	828	213	750	50	118
49	168	596	24	11	232	853	877	375	314	64
50	42	37	3	700	750	27	630	579	397	28
51	41	203	700	37	3	27	478	28	144	559
76	211	212	858	422	173	366	38	368	749	397
88	387	337	347	606	196	90	400	483	492	870
99	702	708	216	689	843	846	775	701	849	135
100	71	5	369	266	363	193	6	360	339	185
101	492	606	337	328	387	483	749	707	97	816
102	582	838	320	53	576	593	120	176	675	44
114	213	748	315	200	400	851	857	76	490	38
145	335	589	877	728	422	232	11	836	94	759
158	731	115	705	578	750	889	498	250	748	4
159	195	5	369	185	363	6	28	360	257	208
160	285	850	211	110	816	231	151	400	748	223
161	311	552	177	276	626	313	119	621	554	747
162	236	147	58	208	494	851	186	750	850	175
163	30	813	74	850	2	189	56	137	104	22
164	386	724	598	636	594	611	880	341	402	15
165	199	139	750	58	851	869	530	813	633	76
166	38	118	579	50	29	315	509	723	787	841
167	689	69	216	701	849	722	605	685	76	714
204	22	139	137	422	211	774	90	656	199	749
227	274	413	652	252	19	307	721	17	534	20
228	215	108	659	177	706	311	616	704	280	584
229	792	682	180	211	232	640	213	425	155	809
230	301	559	545	836	114	389	814	776	856	113
231	814	251	545	559	792	211	184	72	469	143
304	817	572	55	498	663	536	97	683	632	508
530	637	449	55	683	809	530	347	400	747	626
794	108	495	351	157	231	317	855	887	307	881
52	138	548	57	750	641	818	387	626	400	55
53	697	172	590	157	19	68	527	194	48	262
54	778	301	7	114	859	860	340	32	414	866
55	551	96	192	111	307	836	48	550	162	146
87	116	866	393	450	746	62	590	511	256	551
478	845	847	880	672	887	177	382	352	573	537
716	116	373	843	846	858	842	376	660	807	866
56	647	836	433	410	24	169	610	362	17	19
57	314	701	69	880	183	421	279	39	152	576
58	28	548	55	700	37	73	144	193	683	400
59	66	850	816	193	27	11	749	700	674	37
69	440	256	581	556	478	141	779	142	632	877
70	233	621	420	253	456	48	573	252	554	19
71	516	836	24	814	180	859	581	160	36	433
72	206	343	48	420	770	621	456	313	108	312
133	152	101	511	47	132	418	165	658	615	372
134	152	164	634	321	166	9	617	362	534	206
135	617	9	321	534	163	844	242	228	843	846
136	628	313	513	130	343	885	679	511	413	418
137	17	169	838	229	111	423	344	779	242	709
200	845	697	194	60	172	45	837	868	860	590
67	814	511	786	551	36	833	433	859	558	823
68	39	596	145	298	173	281	814	246	859	779
77	122	838	254	24	334	259	582	21	232	491
78	232	63	647	23	169	410	362	111	39	721
147	582	198	272	883	838	576	723	432	320	850
154	43	488	119	641	818	606	324	33	328	710
186	721	362	321	169	410	17	242	432	647	634
199	334	375	23	353	259	120	75	529	589	526
538	604	721	111	96	608	234	270	562	592	379
116	315	605	213	685	38	723	748	722	653	750
117	820	720	750	352	535	400	712	772	505	747
118	762	313	538	551	765	727	182	456	618	812
119	226	683	632	55	119	867	536	117	747	347
120	47	615	658	164	132	511	418	665	277	727
534	634	111	584	721	270	169	284	225	661	393
89	114	106	701	759	863	220	799	386	30	25
90	98	171	610	698	135	2	638	374	74	642
103	308	402	863	396	870	239	850	98	193	97
105	64	630	555	828	816	552	400	422	155	183
91	842	708	763	845	9	855	287	844	535	652
92	731	70	578	705	889	749	250	37	366	11
93	99	581	159	414	870	25	759	583	209	340
94	582	838	491	198	320	216	339	576	397	53
95	194	697	172	843	846	775	868	842	157	720
192	195	266	257	359	653	427	466	87	208	757
193	45	697	172	157	652	848	708	855	843	846
194	592	146	169	546	778	19	192	616	225	17
262	697	45	364	9	194	580	853	881	868	702
107	32	491	877	61	733	100	182	579	99	526
109	395	206	233	498	345	693	193	114	784	749
110	723	22	154	117	212	87	203	38	559	366
121	340	471	427	211	298	661	820	432	12	814
122	284	98	61	193	17	25	186	551	362	225
157	67	689	216	576	371	675	537	849	701	189
169	670	218	488	683	859	779	50	509	814	622
173	814	856	551	581	113	25	478	559	141	134
190	679	695	610	696	256	20	440	393	580	761
212	199	137	392	530	823	633	58	212	703	227
221	814	581	561	460	639	856	836	256	267	859
223	721	169	584	389	362	647	393	270	146	17
316	142	683	626	661	226	583	100	506	536	321
341	238	851	239	744	674	21	400	877	465	875
342	134	718	128	121	850	748	569	208	674	250
397	252	219	876	652	721	848	708	560	634	763
398	236	886	332	199	659	427	497	803	813	810
139	13	2	166	117	97	227	877	142	121	392
140	19	17	169	48	146	142	647	362	192	721
346	855	845	282	158	20	880	546	301	370	610
696	572	347	668	682	508	635	568	352	663	251
697	553	694	693	495	655	520	565	587	352	395
889	694	668	553	534	573	351	847	708	163	854
146	695	741	310	256	778	376	20	415	307	192
181	313	9	166	364	542	456	880	321	847	163
277	52	51	376	610	847	280	413	343	307	546
278	133	181	177	215	621	287	837	276	347	534
111	101	511	615	132	658	727	762	164	665	770
112	19	51	313	742	866	229	34	206	233	192
113	762	727	878	159	733	765	661	47	277	99
279	624	313	587	684	621	664	554	162	445	864
280	456	554	167	256	92	253	621	628	534	577
287	559	142	347	301	117	536	632	512	192	3
283	723	76	89	465	555	50	718	680	569	481
284	788	521	333	850	767	578	731	748	889	155
285	287	311	9	108	177	133	534	843	846	775
286	689	491	371	67	582	838	69	849	320	576
148	882	356	327	359	153	555	333	207	475	578
149	387	187	536	66	347	117	144	386	28	611
150	193	37	723	154	208	71	816	422	638	339
151	203	559	397	117	632	3	271	512	465	142
152	688	778	513	770	255	36	61	663	864	545
153	154	308	147	28	74	803	137	680	813	6
126	343	708	763	108	694	553	233	827	163	879
128	836	162	502	169	610	609	664	49	36	25
129	516	8	859	232	383	779	460	197	733	836
130	197	155	160	793	584	551	516	836	383	169
131	502	664	550	551	36	381	662	622	609	591
132	9	617	336	652	166	534	880	843	846	775
191	92	836	313	146	17	262	142	554	169	225
197	151	658	500	247	808	792	150	285	243	184
201	647	111	721	17	146	362	19	410	592	262
340	561	591	762	733	727	460	162	604	765	379
348	728	55	276	621	309	549	336	317	706	311
680	575	733	762	234	546	551	871	833	727	821
141	349	556	524	272	800	725	23	174	598	145
142	886	845	747	55	816	683	32	626	779	108
143	886	142	392	862	227	231	551	703	836	476
183	606	128	774	870	97	656	196	337	492	59
184	176	677	584	747	880	437	800	837	105	120
185	437	800	103	230	556	836	176	558	546	610
205	567	197	859	160	232	516	169	34	17	836
303	763	163	761	108	573	621	652	624	847	708
399	105	440	103	230	174	176	23	589	24	725
170	610	749	843	846	775	402	842	286	193	860
171	154	308	134	749	193	56	208	723	402	863
172	147	308	749	723	56	28	87	402	422	850
207	744	628	513	679	741	657	690	546	820	457
208	701	74	851	724	129	89	857	594	400	748
209	616	511	551	256	581	762	546	433	362	277
339	386	636	543	773	185	594	153	826	598	872
344	725	729	865	224	862	683	867	235	34	638
175	577	763	99	253	621	708	313	456	9	770
176	566	96	450	738	373	581	846	393	51	545
177	203	559	632	55	478	119	3	347	226	512
178	200	578	475	38	519	787	212	29	509	102
179	33	606	400	722	328	335	683	117	57	747
180	353	375	334	176	198	75	259	122	582	675
309	798	252	253	807	636	205	336	313	770	711
310	456	621	554	708	538	253	252	313	876	92
311	554	621	133	747	456	313	55	577	400	889
312	92	592	313	146	169	252	262	546	545	192
313	506	673	100	632	425	559	465	726	117	512
210	478	803	524	348	173	41	42	3	340	465
211	763	765	727	618	812	202	626	837	140	584
213	202	16	626	217	133	512	855	203	767	478
214	626	508	774	501	750	778	140	322	616	674
215	542	695	744	95	364	617	307	180	693	620
216	172	194	45	767	60	763	157	709	868	844
217	731	705	70	750	115	578	747	498	276	55
218	592	169	162	836	262	192	591	225	622	412
307	668	177	729	467	123	725	619	672	865	352
335	88	535	352	433	632	364	45	837	162	823
336	111	362	647	169	91	634	17	393	410	389
347	535	172	695	534	9	580	881	696	702	720
370	262	146	169	225	393	277	111	92	623	234
529	364	240	720	244	580	881	702	108	652	847
219	311	328	33	119	223	613	486	722	16	701
577	67	216	69	576	189	701	371	849	675	137
276	276	317	582	171	246	365	860	191	55	397
225	559	856	256	581	186	886	691	785	632	277
226	478	3	271	397	814	775	190	792	42	174
301	837	52	280	845	747	19	108	880	696	626
317	363	606	183	489	73	493	852	4	196	28
318	679	876	708	763	762	858	761	274	741	621
816	777	332	745	688	631	713	758	193	674	466
245	58	226	231	139	76	708	287	686	881	309
246	836	161	516	36	221	301	160	8	232	786
247	227	626	142	862	392	149	249	616	703	433
248	102	432	348	680	7	209	397	113	524	803
249	374	427	340	524	698	803	368	397	131	366
250	128	340	213	559	851	465	810	674	193	117
251	581	551	256	186	313	99	167	192	277	381
252	227	862	703	392	201	217	94	536	836	478
253	706	546	211	513	209	373	432	109	285	101
254	260	750	383	850	816	857	748	674	849	851
255	251	471	469	26	559	285	491	216	792	661
523	275	744	52	679	413	373	741	620	628	660
524	714	653	128	863	685	367	605	722	718	680
525	247	682	536	205	809	572	347	603	750	820
526	16	683	282	216	849	396	701	867	637	819
527	377	326	388	268	532	505	378	674	198	750
720	428	542	429	737	881	847	848	880	553	843
721	832	565	741	541	511	830	885	614	770	776
722	817	682	508	347	663	795	635	495	498	501
723	657	563	768	243	568	500	626	792	612	460
724	612	654	460	561	560	770	83	551	814	762
234	227	633	201	203	530	465	3	249	392	478
235	151	511	473	110	584	579	747	635	55	402
236	110	150	747	753	500	579	808	55	485	750
237	164	511	473	458	101	165	559	545	560	47
238	356	327	882	724	359	54	207	339	714	475
239	559	520	709	767	241	812	347	796	541	572
361	624	587	864	620	514	763	616	599	837	684
364	275	535	848	843	846	775	240	513	542	413
365	858	546	379	86	733	511	804	234	690	458
590	639	736	376	877	344	672	717	786	524	778
609	577	554	621	313	253	252	92	534	240	830
617	470	576	504	349	857	782	824	543	598	671
618	559	632	512	3	646	213	226	723	562	203
619	493	519	374	193	494	427	257	475	359	339
620	668	541	888	362	225	457	546	721	370	262
621	374	698	427	326	348	803	394	175	753	849
622	471	251	184	281	476	526	285	432	474	211
623	464	824	504	857	395	555	773	749	782	816
624	469	251	184	102	216	432	526	474	285	462
240	718	674	416	236	121	330	90	208	680	59
241	683	341	74	89	171	170	490	43	55	841
242	167	511	628	761	618	719	741	313	93	142
243	348	679	828	190	568	661	595	243	184	212
244	511	47	101	164	418	277	615	458	762	679
586	367	875	354	338	392	841	494	395	703	139
587	374	698	348	484	193	468	466	175	803	102
588	429	570	741	744	512	573	628	759	670	599
589	428	570	709	618	741	560	512	761	823	814
591	814	424	627	786	556	629	550	832	102	651
592	340	517	218	7	525	558	471	143	690	91
593	435	453	444	445	162	450	443	449	63	460
594	435	667	651	551	433	836	550	162	821	447
595	434	667	433	651	836	856	786	551	444	445
596	446	444	661	581	551	616	614	433	836	455
597	443	446	433	614	455	435	814	776	856	551
598	433	562	684	480	502	662	435	864	733	162
599	443	444	455	614	448	551	449	727	162	762
600	550	628	162	662	511	761	616	833	433	664
601	762	550	443	664	446	162	502	679	661	451
602	637	536	433	551	809	550	162	446	502	445
603	746	433	473	551	662	162	116	454	502	96
604	448	821	551	834	502	762	858	445	513	679
605	511	516	449	637	811	455	668	583	415	8
606	381	551	433	162	355	502	664	522	622	83
607	662	833	821	460	667	551	559	632	450	512
608	444	446	443	614	433	445	449	775	580	435
682	93	774	90	212	286	508	812	572	126	738
683	574	563	243	768	500	568	774	395	110	316
684	595	366	368	459	518	521	562	646	432	807
791	843	846	775	108	758	31	793	740	45	617
792	842	846	775	758	31	793	740	45	617	244
793	775	868	876	702	317	822	843	846	706	763
795	652	848	843	775	842	740	45	617	244	844
796	797	609	351	848	694	534	495	880	535	843
797	634	846	652	738	244	695	9	252	847	708
798	848	721	17	362	248	389	876	652	738	169
799	846	848	740	790	9	252	708	590	163	797
800	609	244	599	876	738	847	848	645	797	362
801	848	846	634	116	590	51	617	244	143	587
802	844	843	846	842	740	45	617	244	876	702
803	708	601	844	535	843	846	775	541	189	172
804	461	542	617	844	648	822	843	846	775	706
805	719	844	143	587	763	769	40	108	287	269
806	702	601	252	577	108	694	599	573	565	9
807	429	544	86	458	117	697	126	511	672	856
808	783	878	807	660	518	761	760	740	495	373
809	711	584	256	878	812	523	286	761	113	545
810	440	588	706	769	15	704	868	739	627	726
811	9	797	535	650	854	172	625	495	527	831
812	403	380	382	665	837	573	778	447	599	83
813	758	652	660	843	846	775	745	518	760	807
814	599	744	428	52	352	571	429	512	415	418
815	855	413	48	608	703	93	561	142	412	534
256	71	369	724	195	28	5	6	363	3	175
257	112	632	512	419	31	559	347	454	465	670
258	399	691	870	706	441	663	180	874	793	641
259	303	870	441	858	874	691	793	641	683	702
260	193	653	400	171	674	332	743	347	683	465
261	698	497	850	748	374	170	74	642	427	175
263	356	585	315	327	442	882	54	333	578	153
271	103	582	120	198	838	677	593	256	556	320
272	474	747	258	774	672	133	510	287	311	412
274	190	852	594	854	749	22	816	212	462	184
275	232	511	847	211	843	846	775	762	111	545
282	22	285	143	177	595	102	814	180	212	368
442	76	605	207	685	714	722	38	653	442	50
266	71	193	128	134	87	236	5	185	6	718
267	762	340	661	733	511	143	546	584	473	424
268	674	195	5	6	257	359	71	582	838	653
269	430	836	736	237	546	209	301	639	19	610
270	698	863	374	185	642	427	714	363	3	784
273	723	87	422	147	555	154	585	850	134	748
281	20	221	160	204	224	61	786	715	561	604
315	844	868	763	845	580	321	527	767	812	108
334	68	881	847	590	317	704	60	767	172	506
395	709	126	812	362	721	321	17	855	111	169
396	847	269	881	876	793	652	848	708	843	846
400	510	780	672	258	774	177	666	887	501	537
401	747	769	766	837	764	280	847	869	430	48
417	836	856	878	665	581	858	518	687	403	516
324	718	569	128	89	330	213	70	236	676	481
325	526	469	471	184	668	474	285	568	817	491
326	708	253	577	456	798	652	848	313	855	843
327	621	456	313	577	554	252	418	92	538	830
328	23	779	858	357	476	877	529	836	655	683
329	770	424	458	727	511	762	86	864	523	781
330	629	887	550	818	413	546	761	449	255	584
331	368	348	397	145	366	595	298	526	779	558
332	877	517	227	432	331	499	856	249	806	515
333	251	334	353	216	491	471	469	328	524	259
402	642	374	823	397	392	348	417	478	427	175
489	474	822	177	83	329	270	146	313	324	256
490	274	742	280	167	244	275	415	52	827	523
585	226	556	870	673	11	748	506	400	750	874
685	663	867	779	113	121	383	55	400	869	303
686	3	477	698	465	175	481	850	427	748	754
337	605	119	328	33	315	76	685	67	714	723
338	213	422	154	76	38	465	787	87	203	722
345	235	396	220	259	751	402	154	876	391	348
369	502	162	234	664	667	460	622	550	662	561
385	196	492	328	33	337	119	816	490	90	483
492	375	259	334	120	75	526	122	836	675	786
636	347	705	663	70	572	327	578	505	378	682
698	684	621	577	456	445	554	253	565	495	624
703	304	231	476	302	113	569	825	799	218	169
713	657	574	243	768	500	568	747	55	155	774
784	736	647	687	732	789	734	639	836	581	649
349	652	60	51	527	616	68	172	96	274	610
350	664	502	162	36	622	550	847	667	591	376
351	9	166	163	321	843	846	775	704	842	534
368	261	728	750	593	794	122	272	779	851	630
882	549	96	256	48	434	786	732	645	267	647
360	535	456	244	621	577	554	767	253	830	313
362	9	844	721	166	91	791	534	17	617	843
363	563	657	574	568	768	506	500	110	559	454
366	624	241	684	864	312	706	621	495	763	253
367	879	621	252	253	554	313	456	577	280	534
871	852	881	594	860	386	880	179	708	790	827
403	727	432	586	373	453	878	856	762	99	234
410	474	792	822	329	603	324	676	412	251	248
412	546	814	461	525	278	661	558	42	379	559
413	660	518	878	760	711	373	740	690	495	546
352	429	99	86	130	472	670	762	709	513	451
353	623	730	146	725	729	770	370	679	836	232
354	514	599	864	761	487	241	313	679	542	415
355	554	456	253	577	313	92	830	538	487	276
356	502	162	609	664	36	591	667	550	453	786
357	619	592	256	581	668	146	742	262	520	370
359	241	587	312	864	684	763	844	621	830	599
547	162	664	667	622	609	550	591	36	662	381
665	551	666	823	83	430	814	643	473	581	778
673	278	430	736	835	376	63	647	522	169	551
677	877	856	666	560	836	432	717	581	792	638
371	198	582	838	123	261	589	176	675	437	748
372	852	386	543	724	854	598	826	636	611	872
373	366	368	690	173	646	459	211	524	397	348
374	75	39	168	859	593	748	779	392	836	246
375	155	465	674	692	478	559	123	603	3	397
376	349	611	543	636	386	782	594	724	826	872
377	741	514	620	864	708	487	573	241	495	624
378	559	512	3	679	560	628	632	761	465	562
379	708	702	628	679	836	880	822	843	846	775
380	833	564	821	662	651	583	878	842	687	649
381	474	324	822	258	809	83	329	805	546	672
382	379	393	234	608	871	561	877	20	683	169
383	722	685	714	653	76	315	644	489	416	816
479	595	366	690	562	524	465	348	173	877	397
615	394	471	849	701	814	787	850	792	748	179
82	506	200	481	298	38	213	521	118	569	676
83	135	683	13	759	867	392	701	142	97	540
86	843	479	842	681	637	205	536	530	449	846
386	352	133	336	668	879	881	682	251	145	278
387	604	742	393	234	721	647	17	634	362	855
388	572	817	635	663	419	508	495	347	283	498
415	449	637	536	603	419	474	579	247	865	324
416	680	524	217	877	632	174	799	465	236	301
419	135	850	463	137	332	2	199	56	257	139
421	776	433	836	785	735	95	681	792	254	623
531	510	672	671	701	849	851	509	670	774	666
532	735	785	31	113	525	572	508	205	815	368
535	641	488	441	818	540	480	43	57	387	823
536	417	642	497	540	803	392	148	713	781	861
537	703	227	139	748	862	417	857	490	249	142
681	829	553	694	630	748	254	21	23	495	787
712	445	559	679	368	465	632	684	256	690	600
389	421	536	100	347	387	508	119	324	13	641
390	587	445	830	624	761	864	312	562	495	621
391	400	15	242	320	826	872	701	795	867	636
392	805	423	283	285	780	184	814	444	110	32
393	843	842	758	797	645	441	876	721	874	9
394	572	663	347	817	682	415	635	167	741	413
519	781	458	861	762	148	765	727	709	687	472
520	724	136	594	543	55	636	598	852	854	611
521	55	337	483	710	713	325	97	492	196	683
522	326	377	378	268	505	532	531	748	750	332
499	373	403	372	739	101	382	47	811	615	380
500	226	506	94	425	258	522	672	203	726	685
501	103	584	218	661	786	859	256	176	551	733
502	216	69	491	838	689	849	67	251	582	675
503	615	665	473	373	770	101	545	47	834	143
504	665	518	807	372	760	566	415	143	660	615
505	698	427	348	468	484	803	466	175	497	171
506	259	353	334	75	120	122	675	850	11	526
507	502	522	162	664	430	591	234	609	622	52
508	326	388	531	505	532	268	378	544	839	546
509	388	505	326	377	532	268	531	498	112	747
510	546	871	669	604	778	234	109	567	814	586
511	382	739	403	511	473	665	546	256	747	855
512	551	453	162	83	502	664	550	591	433	472
513	380	403	739	83	665	510	672	887	774	351
514	183	733	836	260	355	645	691	160	786	859
515	31	616	511	545	473	433	573	661	610	584
516	372	101	47	545	665	762	373	727	132	733
517	781	148	861	458	837	86	415	545	413	795
518	551	381	733	453	460	561	581	546	603	382
660	551	162	453	83	443	821	449	550	186	502
661	443	663	342	479	447	614	765	727	730	550
662	777	743	556	836	814	581	778	877	546	786
664	572	616	691	347	498	11	682	817	795	877
666	444	443	446	455	762	616	511	770	679	836
667	559	615	284	285	162	821	737	443	479	476
668	379	806	92	833	778	301	83	262	654	737
669	473	511	256	770	836	866	628	661	610	581
670	162	664	502	447	36	551	381	591	448	609
671	536	449	701	809	683	31	530	849	452	247
672	722	714	499	865	302	610	87	329	725	685
687	553	829	695	495	694	565	364	696	584	498
688	553	880	829	542	708	495	573	847	112	693
689	364	848	693	52	696	95	827	172	20	652
728	270	687	111	355	389	662	783	424	83	677
772	668	832	702	571	565	847	848	708	467	830
773	694	570	457	487	744	696	704	513	534	313
774	732	734	789	745	708	647	758	383	793	876
864	734	732	730	756	647	736	835	645	865	727
423	193	850	195	5	363	266	6	360	339	857
424	501	672	177	774	603	474	510	808	887	673
425	375	353	75	334	675	122	120	526	392	23
426	183	266	383	71	195	674	686	193	493	850
427	589	593	793	845	368	392	546	810	837	259
428	397	478	271	857	775	392	183	787	417	544
429	436	3	478	863	803	401	263	714	203	279
430	883	53	747	776	589	55	230	122	400	433
431	280	860	413	333	599	741	590	364	20	245
432	244	415	413	761	256	535	343	679	762	382
433	16	421	761	661	747	620	679	836	762	595
434	585	685	207	315	787	686	489	400	363	38
435	195	193	257	260	493	494	337	71	339	686
443	375	353	259	75	120	675	122	526	838	582
444	686	698	420	350	470	326	426	213	685	464
445	507	685	718	220	421	585	468	154	239	605
446	325	819	119	703	337	536	15	490	43	791
447	3	784	329	823	579	271	759	436	630	753
448	391	642	497	392	713	803	332	227	688	703
449	329	822	474	603	683	533	177	805	57	258
450	400	387	841	867	860	701	683	490	851	857
451	377	388	532	505	531	268	378	468	395	402
452	356	882	54	475	359	153	578	333	207	498
453	606	33	196	722	119	492	181	490	816	857
454	822	324	474	401	603	805	412	177	784	270
455	569	718	481	89	489	676	128	213	714	250
456	249	227	525	499	633	76	787	38	576	200
457	688	713	463	743	477	417	387	750	653	813
458	327	356	475	274	882	54	207	787	671	748
459	338	718	220	154	187	66	417	483	749	28
460	330	816	569	605	718	481	89	442	863	787
461	703	392	606	33	400	683	328	722	119	227
462	442	685	207	578	328	396	315	333	385	857
463	714	653	585	605	442	315	76	686	396	416
464	685	395	750	442	266	260	350	493	494	195
465	196	492	387	483	606	400	97	710	266	707
466	402	354	875	367	426	841	494	484	493	360
467	712	555	849	326	420	22	134	193	37	784
468	195	71	5	185	6	360	363	257	28	749
469	483	755	754	543	533	539	636	585	840	692
470	196	337	606	483	387	328	674	257	97	722
471	826	872	724	543	598	386	611	594	349	773
472	374	427	171	484	468	497	175	642	395	348
473	707	392	490	869	227	400	142	742	862	249
474	332	688	463	387	683	417	743	477	55	497
475	401	753	175	329	555	334	459	32	474	579
476	598	782	773	464	543	636	611	400	230	497
477	749	395	394	686	504	850	266	748	857	816
493	338	367	875	841	426	360	674	494	493	195
494	453	762	270	511	381	584	383	733	433	727
495	327	882	54	359	153	207	475	578	333	772
496	254	88	430	735	785	199	629	137	122	720
497	356	475	674	193	327	54	882	339	257	195
498	679	661	359	415	706	503	762	761	93	850
625	762	627	381	86	453	546	666	502	551	733
626	458	746	152	549	511	35	277	450	745	162
635	642	417	391	698	171	374	803	463	175	713
714	583	602	687	878	649	835	533	651	762	811
753	89	569	330	481	718	474	805	250	213	329
780	435	434	833	821	662	814	551	602	667	733
782	821	662	651	454	814	602	546	786	551	447
790	354	875	367	325	338	38	426	315	828	605
436	278	515	866	581	706	672	616	704	859	432
437	388	531	532	326	505	377	378	674	257	5
438	797	485	708	706	352	767	719	541	668	817
439	762	584	355	822	761	256	474	679	83	389
440	814	545	559	143	113	834	92	792	632	444
441	469	778	471	661	146	412	380	225	168	267
480	327	356	54	153	359	475	578	207	333	484
481	195	5	6	369	354	257	71	185	339	674
482	410	647	721	17	169	634	111	91	63	363
483	195	71	5	257	493	185	816	369	28	6
484	595	368	690	145	646	850	173	348	524	22
485	875	354	338	426	494	841	863	416	493	360
486	567	379	234	856	604	669	654	551	546	786
487	739	382	665	380	843	858	842	83	811	679
488	362	647	63	169	17	721	732	91	789	24
551	226	673	29	559	843	846	775	521	512	881
616	332	713	688	642	813	653	417	497	823	803
631	494	466	363	266	816	863	367	354	338	104
632	493	875	367	266	354	466	338	363	134	816
663	559	465	512	117	226	3	203	560	347	100
717	871	221	379	786	814	856	551	473	581	706
614	704	806	844	702	708	843	846	775	706	542
545	808	485	753	563	574	501	110	151	657	774
546	774	258	508	808	672	500	887	177	572	510
549	470	824	464	773	751	482	350	302	857	724
550	377	532	326	388	268	378	531	747	400	869
637	881	626	352	719	671	845	689	750	880	701
638	707	201	43	536	123	484	133	433	177	508
639	248	572	682	817	663	508	347	251	26	495
640	685	653	605	416	315	857	722	330	76	175
641	579	500	808	748	784	151	630	555	400	869
642	801	510	792	485	500	395	808	673	151	226
643	349	598	543	611	883	464	857	386	636	773
644	9	652	565	252	848	708	538	797	535	650
653	857	850	748	504	193	749	257	43	398	203
654	387	337	385	754	747	492	196	710	606	755
655	698	374	427	338	626	875	356	175	327	882
656	500	269	668	780	808	753	151	568	817	251
657	613	881	701	181	793	860	652	848	708	843
690	115	70	578	731	889	498	59	747	718	250
691	703	626	196	337	683	43	257	606	750	57
692	772	750	387	483	337	196	507	747	57	55
693	128	250	569	89	330	236	121	402	59	213
694	706	867	9	687	130	163	668	277	172	269
695	70	115	889	705	578	750	250	214	395	843
705	467	808	133	793	876	837	669	252	652	848
707	750	11	286	149	572	788	256	783	808	886
710	559	632	600	612	478	429	117	512	876	203
718	574	668	243	563	817	352	251	657	768	552
719	89	748	250	718	330	676	481	489	213	886
731	575	561	460	560	845	762	568	574	234	511
817	741	457	542	573	415	696	534	316	553	313
829	768	319	726	193	747	772	674	873	55	400
830	745	740	874	843	755	842	793	726	645	743
831	3	30	175	558	324	539	401	743	98	823
832	660	518	807	878	711	740	373	415	690	741
885	844	172	317	45	565	697	845	157	797	822
886	199	703	747	633	137	227	700	177	499	505
887	874	540	641	90	387	144	425	606	97	58
888	870	758	540	641	793	144	399	425	90	303
556	458	132	746	152	473	35	277	660	47	447
557	559	670	632	465	3	600	203	478	520	226
558	514	167	628	542	313	244	143	457	666	885
559	513	599	620	864	487	241	167	495	847	256
560	517	616	761	525	186	7	267	25	551	447
561	8	160	232	460	34	814	36	859	256	581
562	515	525	432	7	186	400	816	750	340	256
563	760	807	660	878	711	740	373	690	511	775
564	760	807	518	679	628	511	878	711	740	495
565	443	762	424	610	672	448	662	209	282	169
566	833	821	162	454	502	664	651	447	591	551
567	162	502	550	609	667	622	591	36	381	662
568	672	762	511	510	83	887	472	86	256	774
569	502	434	435	664	591	162	622	662	609	550
570	467	817	568	541	251	880	370	352	447	831
571	379	871	579	877	604	234	779	814	567	750
572	512	671	509	537	77	600	763	560	632	559
574	258	510	774	537	666	887	501	661	610	177
575	458	835	584	564	86	878	473	583	781	861
576	332	713	463	743	417	513	672	477	716	497
582	514	770	624	599	620	241	511	587	684	445
583	814	792	856	687	545	432	285	786	661	779
584	762	431	661	733	511	255	727	584	616	770
610	744	542	628	885	573	513	679	467	167	741
611	511	781	861	86	148	473	152	687	709	255
612	690	646	595	784	465	366	258	503	368	481
613	561	516	733	591	278	234	433	612	83	575
701	541	571	565	424	887	778	616	546	792	431
818	758	740	755	473	743	645	726	511	727	729
539	462	350	468	753	555	496	626	787	749	173
540	475	466	118	493	494	480	359	200	257	509
543	162	376	502	453	733	662	591	667	664	551
544	750	227	747	11	249	748	633	722	869	76
552	772	396	685	710	59	510	718	747	672	76
553	572	501	683	817	887	774	682	347	750	808
554	671	750	670	850	537	555	773	200	183	787
555	801	672	537	780	177	774	258	666	887	382
573	670	537	701	509	576	203	55	750	787	850
579	710	507	757	359	750	356	873	226	748	193
580	724	543	611	826	872	349	598	504	750	636
581	501	887	672	656	258	508	177	90	510	876
627	822	329	805	324	603	177	412	270	251	258
628	359	519	327	356	578	882	333	466	54	494
629	581	886	545	469	610	814	856	836	256	775
630	850	11	332	748	857	692	750	539	713	75
674	511	473	792	784	114	469	693	283	458	251
675	441	390	488	540	480	818	870	43	683	874
676	417	497	391	803	698	175	463	653	824	171
678	439	605	400	223	683	820	417	102	858	877
679	685	714	605	193	416	315	339	76	532	170
819	511	473	450	762	770	96	95	628	458	761
820	199	755	633	700	177	499	483	754	58	151
821	569	753	392	850	75	76	857	499	750	171
822	154	195	257	196	147	350	37	369	850	115
823	499	710	183	199	137	43	509	227	70	37
824	823	504	257	463	334	239	759	350	748	773
825	355	717	416	36	646	278	111	659	193	747
826	755	483	385	747	400	748	533	585	692	539
827	754	747	385	745	758	750	483	851	740	726
872	648	108	742	252	848	708	361	845	827	194
873	186	435	550	162	278	113	443	814	444	871
875	586	403	22	811	399	843	434	566	827	254
876	160	558	622	232	862	865	278	516	786	651
877	274	854	325	565	50	9	486	61	831	324
878	781	458	148	86	687	82	835	391	565	413
533	345	820	88	191	45	868	155	860	482	749
541	512	126	559	553	829	192	229	362	600	17
542	690	506	250	214	820	29	432	471	102	578
645	271	843	803	401	842	714	139	727	762	779
646	105	610	836	256	581	593	886	558	103	176
647	223	439	57	747	584	483	845	119	231	55
648	644	223	438	605	870	867	505	845	747	55
649	879	174	800	95	683	545	608	779	158	708
650	641	488	390	480	540	818	793	399	43	57
651	641	441	488	877	445	540	390	818	661	466
659	641	390	441	540	818	480	814	57	43	433
833	620	447	270	711	684	282	336	600	661	275
834	765	727	270	86	424	355	730	234	448	49
835	336	108	538	624	876	844	252	158	697	887
836	766	769	771	802	659	829	395	510	726	801
837	727	762	730	86	234	616	770	99	812	49
838	764	769	771	802	395	726	155	659	829	683
839	697	495	506	126	317	240	163	843	846	775
840	563	574	657	757	243	726	568	500	626	837
841	766	764	771	706	763	616	802	879	845	844
842	864	727	730	762	255	549	765	372	424	14
843	766	764	769	853	172	844	112	697	395	843
844	729	865	862	238	224	619	232	638	877	836
845	757	226	768	745	758	740	755	673	395	766
846	765	762	730	234	770	49	86	616	446	424
847	725	865	862	238	224	859	619	779	370	638
848	765	789	727	762	732	734	770	756	616	647
634	683	216	626	468	421	234	173	394	604	67
652	503	89	330	569	676	718	213	489	29	250
715	708	571	832	553	541	790	868	830	694	829
738	839	709	377	750	775	690	546	263	787	400
775	465	595	366	459	690	510	258	562	368	840
702	457	628	167	511	513	445	571	684	130	473
704	629	774	672	818	508	523	501	510	550	258
706	425	631	779	836	842	431	174	230	237	176
708	823	859	559	432	814	301	632	454	560	524
709	545	512	632	600	465	3	478	560	117	113
711	460	234	278	591	612	83	575	814	667	604
783	511	546	451	545	473	792	821	709	448	273
879	865	729	725	392	836	142	859	201	227	238
881	862	729	725	836	734	786	238	859	789	732
739	133	630	199	700	177	568	828	314	598	505
740	829	694	880	693	573	495	655	565	744	520
741	621	456	313	577	253	92	276	830	252	192
742	787	213	54	345	363	509	183	470	71	76
743	457	708	553	744	694	880	599	343	739	206
744	753	151	200	3	669	41	401	510	32	630
745	535	172	679	876	844	364	610	317	225	765
746	278	443	141	256	186	476	162	113	83	232
747	472	431	733	551	471	706	567	762	616	433
748	167	679	660	313	601	513	447	457	885	343
749	887	523	550	818	820	825	449	431	869	554
750	314	552	828	753	41	579	3	655	249	133
751	5	6	339	359	128	492	354	268	360	260
752	576	582	334	75	849	259	375	198	216	69
754	836	822	474	546	329	256	324	603	270	142
755	628	660	245	343	762	95	822	93	562	580
756	400	701	683	883	816	421	782	583	818	341
757	88	629	712	102	658	576	755	521	329	349
758	833	662	551	651	433	602	454	733	814	434
759	474	329	324	679	270	603	805	844	412	678
760	558	803	751	539	139	15	237	453	833	401
761	470	504	642	464	266	773	497	395	337	653
762	582	529	629	840	838	886	324	603	329	818
763	872	636	543	611	539	773	594	724	598	867
764	831	695	652	848	708	855	541	413	634	742
765	826	636	543	611	539	773	724	598	594	661
766	757	787	850	772	76	685	748	857	70	749
767	367	338	354	426	494	841	816	484	360	493
768	844	577	797	775	763	580	634	94	245	774
769	525	480	430	94	643	683	232	663	603	368
770	807	518	711	660	583	760	256	473	564	687
771	511	324	583	878	385	822	483	649	474	755
725	675	582	464	838	198	671	320	849	689	701
726	701	838	198	576	320	53	825	675	857	44
727	564	701	649	878	602	533	687	683	818	55
729	661	443	672	95	836	159	63	169	616	580
730	543	598	539	773	826	872	55	636	701	782
732	486	181	701	748	849	598	747	671	869	855
733	582	583	818	637	540	671	537	67	539	341
734	641	701	540	488	390	887	629	43	441	857
735	543	611	701	826	872	823	857	483	636	477
736	641	488	818	701	441	390	874	870	480	391
737	611	598	724	539	826	872	636	773	594	386
776	410	362	732	734	789	169	721	63	835	17
777	650	855	704	881	836	844	786	9	652	285
778	583	564	835	878	533	433	602	687	619	747
779	648	881	836	652	848	708	843	846	775	790
781	287	68	799	379	709	546	117	764	766	726
785	301	197	443	435	36	63	865	232	786	650
786	19	20	739	307	82	241	48	52	720	157
787	582	198	576	491	320	44	339	216	53	334
788	544	579	377	401	748	823	478	397	139	759
789	529	825	646	814	385	856	186	551	595	581
883	387	691	335	325	100	55	187	119	870	238
849	734	789	647	756	730	736	835	645	433	551
850	460	234	162	662	383	522	83	591	786	424
851	732	789	647	756	730	736	865	645	835	733
852	785	681	876	887	815	149	750	366	31	57
853	835	789	786	734	639	732	430	779	756	647
854	433	570	546	545	786	661	584	92	814	551
855	815	444	778	786	433	435	284	522	560	156
856	743	631	551	473	616	786	433	550	717	584
857	379	546	52	262	445	776	7	61	662	298
858	736	691	556	786	237	651	160	785	524	383
859	148	861	458	86	82	687	867	835	391	565
860	735	681	113	779	815	366	256	581	886	433
861	736	836	435	833	865	733	622	662	156	162
862	851	555	750	723	633	227	442	213	873	76
863	138	850	214	366	787	258	636	808	501	851
865	272	53	782	819	402	589	849	858	748	155
866	537	67	576	216	675	75	213	183	421	532
867	477	257	748	183	73	171	509	857	71	853
868	787	341	137	537	750	134	857	680	853	183
869	854	594	863	816	179	386	543	857	396	787
870	771	172	850	748	851	857	749	697	555	750
874	470	75	392	257	748	582	183	482	818	714
880	3	852	175	367	416	28	493	271	220	724
